1783176672803 4.852292537689209 0
1783176672805 4.852056980133057 1
1783176672807 4.851536273956299 2
1783176672809 4.8514323234558105 3
1783176672811 4.851227760314941 4
1783176672812 4.851282596588135 5
1783176672814 4.850249290466309 6
1783176672816 4.848630905151367 7
1783176672818 4.84852409362793 8
1783176672820 4.848069667816162 9
1783176672822 4.8475847244262695 10
1783176672824 4.846230983734131 11
1783176672825 4.841536521911621 12
1783176672827 4.845005035400391 13
1783176672829 4.839417934417725 14
1783176672831 4.842313766479492 15
1783176672833 4.834489345550537 16
1783176672835 4.835244655609131 17
1783176672836 4.828251361846924 18
1783176672838 4.829571723937988 19
1783176672840 4.819642066955566 20
1783176672842 4.812933444976807 21
1783176672844 4.822317600250244 22
1783176672846 4.8104753494262695 23
1783176672847 4.799757957458496 24
1783176672849 4.803304672241211 25
1783176672851 4.785552024841309 26
1783176672853 4.808635234832764 27
1783176672855 4.79597806930542 28
1783176672857 4.777031421661377 29
1783176672859 4.779329776763916 30
1783176672861 4.77085018157959 31
1783176672863 4.740848541259766 32
1783176672864 4.741018295288086 33
1783176672866 4.752137660980225 34
1783176672868 4.751987934112549 35
1783176672870 4.743555068969727 36
1783176672872 4.674398422241211 37
1783176672874 4.706982612609863 38
1783176672875 4.687714099884033 39
1783176672877 4.6680707931518555 40
1783176672879 4.659459114074707 41
1783176672881 4.666962146759033 42
1783176672883 4.6938676834106445 43
1783176672885 4.651885509490967 44
1783176672887 4.675959587097168 45
1783176672889 4.627417087554932 46
1783176672890 4.662334442138672 47
1783176672892 4.606165885925293 48
1783176672894 4.55074405670166 49
1783176672896 4.590334415435791 50
1783176672898 4.5501179695129395 51
1783176672900 4.404253005981445 52
1783176672901 4.577332019805908 53
1783176672904 4.596418380737305 54
1783176672906 4.385982513427734 55
1783176672908 4.539095878601074 56
1783176672910 4.469995975494385 57
1783176672912 4.432338237762451 58
1783176672914 4.397006988525391 59
1783176672916 4.409416675567627 60
1783176672918 4.377318859100342 61
1783176672919 4.450533390045166 62
1783176672921 4.379714488983154 63
1783176672923 4.497111797332764 64
1783176672925 4.321592330932617 65
1783176672927 4.454371929168701 66
1783176672929 4.288959980010986 67
1783176672931 4.346399307250977 68
1783176672933 4.2587385177612305 69
1783176672934 4.444055557250977 70
1783176672936 4.36016321182251 71
1783176672938 4.253947734832764 72
1783176672940 4.453135013580322 73
1783176672942 4.4330949783325195 74
1783176672944 4.089755058288574 75
1783176672945 4.266986846923828 76
1783176672947 4.097198963165283 77
1783176672949 4.197086811065674 78
1783176672951 4.222038269042969 79
1783176672953 4.200213432312012 80
1783176672955 4.292182922363281 81
1783176672956 4.13683557510376 82
1783176672958 4.245964050292969 83
1783176672960 4.232827663421631 84
1783176672962 4.275118350982666 85
1783176672964 4.16070032119751 86
1783176672965 4.019283771514893 87
1783176672967 4.116095066070557 88
1783176672969 4.1674089431762695 89
1783176672971 4.162682056427002 90
1783176672973 4.2488789558410645 91
1783176672975 4.131039619445801 92
1783176672976 4.196906089782715 93
1783176672978 4.08070707321167 94
1783176672980 4.100771427154541 95
1783176672982 4.1570234298706055 96
1783176672984 4.08990478515625 97
1783176672986 3.942654609680176 98
1783176672988 3.918487787246704 99
1783176672989 4.058357238769531 100
1783176672991 3.9912638664245605 101
1783176672993 4.059093475341797 102
1783176672995 4.012343883514404 103
1783176672997 3.932873010635376 104
1783176672998 4.169150352478027 105
1783176673000 3.932119131088257 106
1783176673002 3.992866039276123 107
1783176673004 3.9343347549438477 108
1783176673006 3.994480848312378 109
1783176673008 3.908374309539795 110
1783176673010 3.862250804901123 111
1783176673011 3.9415664672851562 112
1783176673013 3.8394203186035156 113
1783176673015 3.818256139755249 114
1783176673017 3.9519615173339844 115
1783176673019 3.818608283996582 116
1783176673021 4.101430892944336 117
1783176673022 3.9330809116363525 118
1783176673024 3.8470587730407715 119
1783176673026 3.791592836380005 120
1783176673028 4.033054828643799 121
1783176673030 3.884167432785034 122
1783176673031 3.805281162261963 123
1783176673115 3.880462646484375 124
1783176673116 3.8631911277770996 125
1783176673118 3.7481281757354736 126
1783176673120 3.8016607761383057 127
1783176673122 3.734133005142212 128
1783176673124 3.7368035316467285 129
1783176673126 3.7329797744750977 130
1783176673128 3.9034273624420166 131
1783176673129 3.9436705112457275 132
1783176673131 3.9189651012420654 133
1783176673133 3.7737603187561035 134
1783176673135 3.6082890033721924 135
1783176673137 3.5655269622802734 136
1783176673138 3.6716272830963135 137
1783176673140 3.712346315383911 138
1783176673142 3.716662883758545 139
1783176673144 3.733431816101074 140
1783176673146 3.8137259483337402 141
1783176673148 3.6043760776519775 142
1783176673149 3.6692962646484375 143
1783176673151 3.9242324829101562 144
1783176673153 3.8107101917266846 145
1783176673155 3.6596755981445312 146
1783176673157 3.729301929473877 147
1783176673159 3.662651777267456 148
1783176673160 3.682800769805908 149
1783176673162 3.5156283378601074 150
1783176673164 3.6464083194732666 151
1783176673166 3.8922982215881348 152
1783176673168 3.574148654937744 153
1783176673170 3.741757392883301 154
1783176673171 3.8863749504089355 155
1783176673173 3.507573366165161 156
1783176673175 3.721205949783325 157
1783176673177 3.4577231407165527 158
1783176673179 3.745337724685669 159
1783176673180 3.5421769618988037 160
1783176673182 3.6094720363616943 161
1783176673184 3.668987989425659 162
1783176673186 3.790454864501953 163
1783176673188 3.552293539047241 164
1783176673190 3.5514700412750244 165
1783176673192 3.7168142795562744 166
1783176673194 3.5558829307556152 167
1783176673195 3.460965156555176 168
1783176673197 3.6998796463012695 169
1783176673199 3.694720506668091 170
1783176673201 3.547410249710083 171
1783176673203 3.586358070373535 172
1783176673205 3.689058303833008 173
1783176673207 3.563805103302002 174
1783176673209 3.7796688079833984 175
1783176673210 3.817774772644043 176
1783176673212 3.3831100463867188 177
1783176673214 3.708064317703247 178
1783176673216 3.612368106842041 179
1783176673218 3.526254653930664 180
1783176673220 3.4703056812286377 181
1783176673222 3.5005154609680176 182
1783176673223 3.513502359390259 183
1783176673225 3.3917927742004395 184
1783176673227 3.5161213874816895 185
1783176673229 3.4036357402801514 186
1783176673231 3.5450754165649414 187
1783176673233 3.48574161529541 188
1783176673234 3.5088701248168945 189
1783176673236 3.6240627765655518 190
1783176673238 3.539395570755005 191
1783176673240 3.532905340194702 192
1783176673243 3.640315294265747 193
1783176673245 3.635136842727661 194
1783176673247 3.697042942047119 195
1783176673249 3.415602684020996 196
1783176673251 3.4823107719421387 197
1783176673253 3.453608274459839 198
1783176673255 3.4279160499572754 199
1783176673257 3.535355567932129 200
1783176673260 3.4198169708251953 201
1783176673263 3.647629737854004 202
1783176673268 3.54156494140625 203
1783176673271 3.4012885093688965 204
1783176673275 3.582759141921997 205
1783176673279 3.484537124633789 206
1783176673281 3.2771880626678467 207
1783176673282 3.451636791229248 208
1783176673284 3.609907627105713 209
1783176673286 3.542691946029663 210
1783176673288 3.3032639026641846 211
1783176673290 3.4860916137695312 212
1783176673292 3.3137145042419434 213
1783176673294 3.568864107131958 214
1783176673296 3.520902633666992 215
1783176673298 3.540431261062622 216
1783176673301 3.376472234725952 217
1783176673303 3.526878595352173 218
1783176673305 3.5489275455474854 219
1783176673306 3.389908790588379 220
1783176673308 3.4634933471679688 221
1783176673310 3.220421552658081 222
1783176673312 3.2459263801574707 223
1783176673314 3.4445598125457764 224
1783176673316 3.5112621784210205 225
1783176673317 3.5054378509521484 226
1783176673319 3.446570634841919 227
1783176673321 3.3208487033843994 228
1783176673323 3.5189099311828613 229
1783176673326 3.3537607192993164 230
1783176673330 3.335399866104126 231
1783176673334 3.335244655609131 232
1783176673337 3.2939224243164062 233
1783176673341 3.401099443435669 234
1783176673345 3.6600208282470703 235
1783176673348 3.2882485389709473 236
1783176673353 3.3236653804779053 237
1783176673356 3.32576322555542 238
1783176673359 3.5261282920837402 239
1783176673363 3.5164310932159424 240
1783176673366 3.4299278259277344 241
1783176673371 3.4258227348327637 242
1783176673374 3.636709690093994 243
1783176673378 3.2391200065612793 244
1783176673381 3.221752882003784 245
1783176673386 3.5251009464263916 246
1783176673389 3.2907001972198486 247
1783176673597 3.211820125579834 248
1783176673601 3.3907015323638916 249
1783176673604 3.427990436553955 250
1783176673606 3.220235586166382 251
1783176673609 3.503384828567505 252
1783176673611 3.4464328289031982 253
1783176673613 3.216555118560791 254
1783176673616 3.205399990081787 255
1783176673618 3.2921037673950195 256
1783176673621 3.5046005249023438 257
1783176673623 3.328709602355957 258
1783176673625 3.374143123626709 259
1783176673626 3.226262092590332 260
1783176673628 3.510669469833374 261
1783176673630 3.1853291988372803 262
1783176673632 3.008866548538208 263
1783176673634 3.268019199371338 264
1783176673636 3.4214582443237305 265
1783176673638 3.358203411102295 266
1783176673639 3.351686477661133 267
1783176673641 3.4703173637390137 268
1783176673643 3.140806198120117 269
1783176673645 3.3733038902282715 270
1783176673647 3.3244357109069824 271
1783176673649 3.6000304222106934 272
1783176673651 3.366351842880249 273
1783176673652 3.3115901947021484 274
1783176673654 3.226069211959839 275
1783176673656 3.1968772411346436 276
1783176673658 3.237017869949341 277
1783176673660 3.0962560176849365 278
1783176673662 3.4277005195617676 279
1783176673664 3.149343967437744 280
1783176673665 3.3183579444885254 281
1783176673667 3.229477643966675 282
1783176673669 3.3404746055603027 283
1783176673671 3.333573579788208 284
1783176673674 3.4225878715515137 285
1783176673678 3.366694450378418 286
1783176673682 3.306382894515991 287
1783176673686 3.3738322257995605 288
1783176673689 3.1061134338378906 289
1783176673693 3.3693315982818604 290
1783176673697 3.2759344577789307 291
1783176673699 3.1785688400268555 292
1783176673702 3.3830406665802 293
1783176673704 3.4938275814056396 294
1783176673707 3.3143224716186523 295
1783176673709 3.315721035003662 296
1783176673712 3.034420967102051 297
1783176673715 3.4075143337249756 298
1783176673719 3.0072975158691406 299
1783176673721 3.2024123668670654 300
1783176673723 3.256657361984253 301
1783176673726 3.2812516689300537 302
1783176673728 3.192913055419922 303
1783176673731 3.099151134490967 304
1783176673733 3.297672748565674 305
1783176673735 3.3482065200805664 306
1783176673738 3.150623321533203 307
1783176673740 3.3886287212371826 308
1783176673742 3.50266432762146 309
1783176673745 3.3334171772003174 310
1783176673748 3.092817544937134 311
1783176673753 3.085099458694458 312
1783176673756 3.45942759513855 313
1783176673760 3.4440150260925293 314
1783176673763 3.3868932723999023 315
1783176673768 3.202651023864746 316
1783176673771 3.122708559036255 317
1783176673775 3.15773344039917 318
1783176673779 3.2260923385620117 319
1783176673782 3.2403767108917236 320
1783176673786 3.0444393157958984 321
1783176673790 3.2308664321899414 322
1783176673794 3.3033607006073 323
1783176673797 3.2494258880615234 324
1783176673801 3.2666985988616943 325
1783176673805 2.999284267425537 326
1783176673809 3.274174213409424 327
1783176673812 3.2600789070129395 328
1783176673816 3.1837427616119385 329
1783176673820 3.216279983520508 330
1783176673824 3.216686248779297 331
1783176673828 3.2000622749328613 332
1783176673831 3.2430663108825684 333
1783176673835 3.332298755645752 334
1783176673839 3.3191566467285156 335
1783176673843 3.2082016468048096 336
1783176673846 3.099804401397705 337
1783176673850 3.492856979370117 338
1783176673854 3.245156764984131 339
1783176673858 3.3104407787323 340
1783176673861 3.0929996967315674 341
1783176673865 3.0759010314941406 342
1783176673869 3.1592254638671875 343
1783176673873 3.0551819801330566 344
1783176673876 3.1731934547424316 345
1783176673879 3.0741307735443115 346
1783176673882 2.9924426078796387 347
1783176673886 3.180842161178589 348
1783176673890 3.395451307296753 349
1783176673893 3.071280002593994 350
1783176673897 3.3246588706970215 351
1783176673901 3.1965370178222656 352
1783176673905 3.217318058013916 353
1783176673908 3.2886462211608887 354
1783176673912 3.119000196456909 355
1783176673916 3.2244362831115723 356
1783176673920 2.9647226333618164 357
1783176673923 3.2728896141052246 358
1783176673927 3.233898878097534 359
1783176673931 3.2280068397521973 360
1783176673935 3.362771511077881 361
1783176673938 3.3313636779785156 362
1783176673942 3.2464656829833984 363
1783176673946 3.024916410446167 364
1783176673949 3.293227195739746 365
1783176673953 3.1195170879364014 366
1783176673957 3.0823819637298584 367
1783176673961 3.176466226577759 368
1783176673964 3.220285654067993 369
1783176673968 3.0814552307128906 370
1783176673972 3.0599446296691895 371
