1782990567111 0.9148999999998476 0
1782990572204 0.9566499999998406 1
1782990577218 0.9652333333331725 2
1782990582053 0.9716833333331715 3
1782990587342 0.9739166666665043 4
1782990592537 0.9762499999998373 5
1782990597700 0.9775833333331705 6
1782990603269 0.9811166666665032 7
1782990608372 0.9811999999998365 8
1782990613372 0.9821999999998363 9
1782990618520 0.9831999999998362 10
1782990624012 0.9844833333331693 11
1782990629351 0.9832833333331695 12
1782990634986 0.9864499999998356 13
1782990640458 0.9846499999998359 14
1782990645941 0.986483333333169 15
1782990651539 0.9872666666665022 16
1782990656675 0.996349999999834 17
1782990662084 0.9981999999998337 18
1782990667118 0.9988666666665003 19
1782990672165 0.9990999999998336 20
1782990677313 0.9995166666665001 21
1782990683006 0.9996499999998334 22
1782990688427 0.9998166666665 23
1782990693619 0.9997499999998334 24
1782990698563 0.9997833333331667 25
1782990703468 0.9999333333331667 26
1782990708768 0.9998999999998334 27
1782990713821 0.9998166666665 28
1782990719077 0.9998999999998334 29
1782990724441 0.9999666666665 30
1782990729962 0.9999833333331667 31
1782990735205 0.9999833333331667 32
1782990740649 0.9999833333331667 33
1782990746381 0.9999999999998334 34
1782990751932 0.9999999999998334 35
1782990757578 0.9999999999998334 36
1782990762410 0.9999999999998334 37
1782990767436 0.9999999999998334 38
1782990773261 0.9999999999998334 39
1782990779275 0.9999999999998334 40
1782990784826 0.9999999999998334 41
1782990790921 0.9999999999998334 42
1782990796627 0.9999999999998334 43
1782990802169 0.9999999999998334 44
1782990807978 0.9999999999998334 45
1782990813654 0.9999999999998334 46
1782990819079 0.9999999999998334 47
1782990824333 0.9999999999998334 48
1782990829936 0.9999999999998334 49
1782990835916 0.9999999999998334 50
1782990842494 0.9999999999998334 51
1782990848137 0.9999999999998334 52
1782990854613 0.9999999999998334 53
1782990860516 0.9999999999998334 54
1782990866138 0.9999999999998334 55
1782990871309 0.9999999999998334 56
1782990876477 0.9999999999998334 57
1782990881875 0.9999999999998334 58
1782990888067 0.9999999999998334 59
1782990894131 0.9999999999998334 60
1782990899886 0.9999999999998334 61
1782990905832 0.9999999999998334 62
1782990911721 0.9999999999998334 63
1782990917185 0.9999999999998334 64
1782990922597 0.9999999999998334 65
1782990929246 0.9999999999998334 66
1782990934456 0.9999999999998334 67
1782990939846 0.9999999999998334 68
1782990945137 0.9999999999998334 69
1782990950506 0.9999999999998334 70
1782990955792 0.9999999999998334 71
1782990961229 0.9999999999998334 72
1782990966648 0.9999999999998334 73
1782990972053 0.9999999999998334 74
1782990978054 0.9999999999998334 75
1782990983623 0.9999999999998334 76
1782990989029 0.9999999999998334 77
1782990994580 0.9999999999998334 78
1782991000053 0.9999999999998334 79
1782991005744 0.9999999999998334 80
1782991011500 0.9999999999998334 81
1782991016881 0.9999999999998334 82
1782991022324 0.9999999999998334 83
1782991028187 0.9999999999998334 84
1782991033421 0.9999999999998334 85
1782991039400 0.9999999999998334 86
1782991045831 0.9999999999998334 87
1782991051865 0.9999999999998334 88
1782991057861 0.9999999999998334 89
1782991063568 0.9999999999998334 90
1782991069313 0.9999999999998334 91
1782991075475 0.9999999999998334 92
1782991081286 0.9999999999998334 93
1782991087104 0.9999999999998334 94
1782991093036 0.9999999999998334 95
1782991099799 0.9999999999998334 96
1782991105702 0.9999999999998334 97
1782991111578 0.9999999999998334 98
1782991117599 0.9999999999998334 99
