1783181908381 0.9049999999998493 0
1783181923052 0.9514166666665081 1
1783181937675 0.9624333333331729 2
1783181951538 0.968233333333172 3
1783181965527 0.9708833333331716 4
1783181979580 0.9740166666665043 5
1783181994502 0.9760833333331707 6
1783182009265 0.9784333333331703 7
1783182024474 0.978149999999837 8
1783182038474 0.98003333333317 9
1783182053324 0.9826833333331696 10
1783182069142 0.9830833333331696 11
1783182084468 0.9834333333331695 12
1783182099612 0.9838166666665027 13
1783182115216 0.9842666666665026 14
1783182131885 0.9847166666665026 15
1783182148952 0.9856666666665025 16
1783182167019 0.9852666666665025 17
1783182183740 0.9865999999998356 18
1783182202712 0.9871166666665022 19
1783182219534 0.9959166666665007 20
1783182238218 0.9980999999998337 21
1783182259082 0.9984499999998336 22
1783182282931 0.9989833333331669 23
1783182308962 0.9991333333331669 24
1783182339571 0.9995666666665001 25
1783182377507 0.9994666666665001 26
1783182416838 0.9996333333331667 27
1783182457779 0.9996999999998334 28
1783182499685 0.9997333333331667 29
1783182545900 0.9996999999998334 30
1783182595395 0.9998333333331667 31
1783182649595 0.9999333333331667 32
1783182703679 0.9999666666665 33
1783182759397 0.9999833333331667 34
1783182816060 0.9999999999998334 35
1783182871722 0.9999999999998334 36
1783182929311 0.9999999999998334 37
1783182987663 0.9999999999998334 38
