1783270884393 0.888549999999852 0
1783270928161 0.9645666666665059 1
1783270973263 0.9711833333331715 2
1783271018851 0.9753166666665042 3
1783271065932 0.9783666666665036 4
1783271112297 0.9809666666665032 5
1783271159372 0.9808999999998366 6
1783271208519 0.9828666666665029 7
1783271252509 0.983749999999836 8
1783271296222 0.984449999999836 9
1783271339579 0.9856833333331692 10
1783271383494 0.9858499999998357 11
1783271430327 0.9861666666665023 12
1783271478004 0.986233333333169 13
1783271519506 0.9868499999998356 14
1783271562829 0.9874333333331689 15
1783271606151 0.988316666666502 16
1783271649440 0.987816666666502 17
1783271693236 0.9891333333331686 18
1783271736218 0.9893333333331685 19
