1783094821048 0.5730639696121216 0
1783094830724 0.9497482180595398 1
1783094838231 0.9257354140281677 2
1783094845830 0.9289871454238892 3
1783094853199 0.9987159967422485 4
1783094860858 0.9700923562049866 5
1783094868458 1.0 6
1783094876031 1.0 7
1783094883719 1.0 8
1783094891559 1.0 9
1783094899281 1.0 10
1783094907093 1.0 11
1783094914869 1.0 12
1783094922619 0.9773712754249573 13
1783094930487 1.0 14
1783094938371 1.0 15
1783094946356 1.0 16
1783094954230 1.0 17
1783094961960 1.0 18
1783094969800 1.0 19
1783094977782 1.0 20
1783094985575 1.0 21
1783094993430 1.0 22
1783095001411 1.0 23
1783095009243 1.0 24
1783095017084 1.0 25
1783095024919 1.0 26
1783095032998 1.0 27
1783095040940 0.9890941977500916 28
1783095048926 0.9999666213989258 29
1783095056777 1.0 30
1783095064684 1.0 31
1783095072589 1.0 32
1783095080656 1.0 33
1783095088565 1.0 34
1783095096675 1.0 35
1783095104597 1.0 36
1783095112608 0.9942969679832458 37
1783095120853 0.9999916553497314 38
1783095128941 1.0 39
1783095136986 1.0 40
1783095145057 1.0 41
1783095153220 1.0 42
1783095161342 1.0 43
1783095169487 1.0 44
1783095177639 1.0 45
1783095185864 1.0 46
1783095193927 1.0 47
1783095202061 1.0 48
1783095210293 1.0 49
1783095218330 1.0 50
1783095226552 1.0 51
1783095235367 1.0 52
1783095243071 1.0 53
1783095250726 1.0 54
1783095258325 1.0 55
1783095265612 1.0 56
1783095273559 1.0 57
1783095281233 1.0 58
1783095288695 1.0 59
1783095296153 1.0 60
1783095303677 1.0 61
1783095311527 0.9836329221725464 62
1783095319085 1.0 63
1783095326687 1.0 64
1783095334232 1.0 65
1783095341987 1.0 66
1783095349700 1.0 67
1783095357365 1.0 68
1783095364925 1.0 69
1783095372499 1.0 70
1783095380180 1.0 71
1783095387623 1.0 72
1783095395246 1.0 73
1783095403056 1.0 74
1783095410672 1.0 75
1783095418463 1.0 76
1783095427968 1.0 77
1783095435639 1.0 78
1783095443292 1.0 79
1783095451002 1.0 80
1783095458537 1.0 81
1783095466126 1.0 82
1783095473662 1.0 83
1783095481225 1.0 84
1783095488749 1.0 85
1783095496214 1.0 86
1783095503807 1.0 87
1783095512017 1.0 88
1783095520274 1.0 89
1783095528003 1.0 90
1783095535757 1.0 91
1783095543112 1.0 92
1783095550717 1.0 93
1783095558448 1.0 94
1783095565902 1.0 95
1783095573709 1.0 96
1783095581320 1.0 97
1783095588868 1.0 98
1783095596596 1.0 99
1783095604257 1.0 100
1783095612148 1.0 101
1783095619705 1.0 102
1783095627205 1.0 103
1783095635116 1.0 104
1783095642772 1.0 105
1783095650487 1.0 106
1783095658045 1.0 107
1783095665958 1.0 108
1783095673414 1.0 109
1783095680970 1.0 110
1783095688611 1.0 111
1783095696279 1.0 112
1783095703930 1.0 113
1783095711734 1.0 114
1783095719528 1.0 115
1783095727311 1.0 116
1783095735053 1.0 117
1783095742575 1.0 118
1783095751040 1.0 119
1783095759258 1.0 120
1783095767333 1.0 121
1783095775560 1.0 122
1783095783740 1.0 123
1783095792068 1.0 124
1783095800222 1.0 125
1783095808411 1.0 126
1783095816580 1.0 127
1783095824925 1.0 128
1783095833141 1.0 129
1783095841406 1.0 130
1783095849688 1.0 131
1783095857821 1.0 132
1783095865916 1.0 133
1783095874210 1.0 134
1783095882520 1.0 135
1783095890668 1.0 136
1783095898842 1.0 137
1783095907098 1.0 138
1783095915316 1.0 139
1783095923406 1.0 140
1783095931565 1.0 141
1783095939705 1.0 142
1783095948027 1.0 143
1783095956276 1.0 144
1783095964451 1.0 145
1783095972711 1.0 146
1783095980933 1.0 147
1783095988965 1.0 148
1783095997145 1.0 149
1783096005378 1.0 150
1783096013624 1.0 151
1783096021816 1.0 152
1783096030040 1.0 153
1783096039070 1.0 154
1783096047702 1.0 155
1783096056047 1.0 156
1783096064145 1.0 157
1783096072092 1.0 158
1783096079856 1.0 159
1783096087736 1.0 160
1783096095474 1.0 161
1783096103373 1.0 162
1783096111344 1.0 163
1783096119405 1.0 164
1783096127138 1.0 165
1783096134804 1.0 166
1783096142637 1.0 167
1783096150932 1.0 168
1783096159297 1.0 169
1783096167719 1.0 170
1783096176037 1.0 171
1783096184447 1.0 172
1783096192629 1.0 173
1783096200873 1.0 174
1783096209105 1.0 175
1783096217441 1.0 176
1783096225909 1.0 177
1783096234328 1.0 178
1783096242618 1.0 179
1783096251014 1.0 180
1783096259375 1.0 181
1783096267667 1.0 182
1783096275933 1.0 183
1783096284307 1.0 184
1783096292619 1.0 185
1783096300700 1.0 186
1783096308795 1.0 187
1783096317076 1.0 188
1783096325324 1.0 189
1783096333719 1.0 190
1783096341801 1.0 191
1783096349906 1.0 192
1783096358134 1.0 193
1783096366331 1.0 194
1783096374534 1.0 195
1783096382801 1.0 196
1783096391153 1.0 197
1783096399269 1.0 198
1783096407440 1.0 199
