1783092875200 0.5135905742645264 0
1783092881304 0.5896978378295898 1
1783092887466 0.7462146282196045 2
1783092893507 0.8304595947265625 3
1783092899737 0.9067252278327942 4
1783092905931 0.987835168838501 5
1783092912128 0.9883104562759399 6
1783092918486 0.964155912399292 7
1783092924793 0.957477331161499 8
1783092931114 0.9829075336456299 9
1783092937385 0.9821988344192505 10
1783092943849 0.9609291553497314 11
1783092950170 0.9613877534866333 12
1783092956541 0.9398095607757568 13
1783092962864 0.9325140118598938 14
1783092969333 0.949306309223175 15
1783092975736 0.937099814414978 16
1783092982138 0.9371331334114075 17
1783092988558 0.9435949325561523 18
1783092995035 0.9406933784484863 19
1783093001530 0.9244013428688049 20
1783093007927 0.9065834879875183 21
1783093014474 0.8821788430213928 22
1783093020956 0.8862559795379639 23
1783093027441 0.8726987838745117 24
1783093033846 0.8328441977500916 25
1783093040377 0.811782956123352 26
1783093046965 0.8026114106178284 27
1783093053513 0.7963914275169373 28
1783093060170 0.7972502112388611 29
1783093066834 0.7946488261222839 30
1783093073207 0.8061966300010681 31
1783093079833 0.8098152279853821 32
1783093086363 0.8131586909294128 33
1783093092927 0.8122748732566833 34
1783093099458 0.8122581839561462 35
1783093106209 0.8095734119415283 36
1783093112629 0.7995430827140808 37
1783093119258 0.7961412668228149 38
1783093125856 0.7960412502288818 39
1783093132413 0.7969917058944702 40
1783093138842 0.8005102872848511 41
1783093145498 0.8021778464317322 42
1783093152066 0.8080976605415344 43
1783093158841 0.8108074069023132 44
1783093165406 0.812183141708374 45
1783093171985 0.8075973987579346 46
1783093178164 0.7983007431030273 47
1783093184625 0.7964997887611389 48
1783093190724 0.8014357686042786 49
1783093196946 0.8078058362007141 50
1783093203173 0.8092899322509766 51
1783093209214 0.8160519003868103 52
1783093215281 0.8209545016288757 53
1783093221322 0.8249983191490173 54
1783093228220 0.8245981335639954 55
1783093234673 0.8260489106178284 56
1783093241100 0.8251233696937561 57
1783093247668 0.833728015422821 58
1783093254021 0.8363043665885925 59
1783093260569 0.8422492146492004 60
1783093267063 0.8490111231803894 61
1783093273586 0.8526464104652405 62
1783093280069 0.8552894592285156 63
1783093286636 0.8540054559707642 64
1783093293179 0.8464680910110474 65
1783093299956 0.8447505235671997 66
1783093306500 0.841048538684845 67
1783093313052 0.8425493836402893 68
1783093319754 0.8473852872848511 69
1783093326389 0.8491445183753967 70
1783093332891 0.8523045778274536 71
1783093339559 0.855956494808197 72
1783093346039 0.8574156165122986 73
1783093352617 0.8607674241065979 74
1783093359140 0.8602755069732666 75
1783093365770 0.8590248227119446 76
1783093372329 0.8583327531814575 77
1783093378953 0.8608174324035645 78
1783093385543 0.8622348308563232 79
1783093392113 0.8658868074417114 80
1783093398832 0.8676294088363647 81
1783093405424 0.8722819089889526 82
1783093412132 0.8741828799247742 83
1783093418710 0.8767008781433105 84
1783093425395 0.878059983253479 85
1783093432108 0.8784518241882324 86
1783093438819 0.8759254813194275 87
1783093445401 0.8761589527130127 88
1783093452005 0.8779182434082031 89
1783093458552 0.8779515624046326 90
1783093465104 0.8807697296142578 91
1783093471809 0.8834545016288757 92
1783093479601 0.8813784122467041 93
1783093486162 0.8834711909294128 94
1783093492643 0.8859724998474121 95
1783093499268 0.8859641551971436 96
1783093505892 0.8866062164306641 97
1783093512570 0.8849552869796753 98
1783093519258 0.886231005191803 99
