1782827630111 0.9053499999998491 0
1782827634187 0.9512499999998415 1
1782827638275 0.962183333333173 2
1782827642339 0.9671333333331722 3
1782827646382 0.970416666666505 4
1782827650553 0.9747499999998376 5
1782827654679 0.9753833333331708 6
1782827658769 0.9773666666665038 7
1782827662935 0.9785999999998369 8
1782827667083 0.9810833333331699 9
1782827671217 0.9813666666665032 10
1782827675291 0.9822333333331696 11
1782827679344 0.982466666666503 12
1782827683505 0.984199999999836 13
1782827687611 0.9848499999998359 14
1782827691732 0.9840833333331693 15
1782827695851 0.984249999999836 16
1782827699930 0.9855666666665025 17
1782827704165 0.995949999999834 18
1782827708443 0.9980166666665004 19
1782827712799 0.9986499999998336 20
1782827716930 0.9986999999998336 21
1782827720945 0.9990166666665002 22
1782827724970 0.9993833333331669 23
1782827729127 0.9993166666665002 24
1782827733230 0.9995333333331667 25
1782827737309 0.9994999999998334 26
1782827741458 0.9997999999998334 27
1782827745539 0.9996666666665001 28
1782827749629 0.9998333333331667 29
1782827753758 0.9999499999998334 30
1782827757859 0.9999833333331667 31
1782827762161 0.9999833333331667 32
1782827766240 0.9999999999998334 33
1782827770379 0.9999999999998334 34
1782827774565 0.9999999999998334 35
1782827778940 0.9999833333331667 36
1782827783241 0.9999999999998334 37
1782827787512 0.9999999999998334 38
1782827791796 0.9999999999998334 39
1782827796099 0.9999999999998334 40
1782827800328 0.9999999999998334 41
1782827804690 0.9999999999998334 42
1782827808926 0.9999999999998334 43
1782827813133 0.9999999999998334 44
1782827817413 0.9999999999998334 45
1782827821606 0.9999999999998334 46
1782827825746 0.9999999999998334 47
1782827829956 0.9999999999998334 48
1782827834264 0.9999999999998334 49
1782827838519 0.9999999999998334 50
1782827842841 0.9999999999998334 51
1782827847062 0.9999999999998334 52
1782827851298 0.9999999999998334 53
1782827855550 0.9999999999998334 54
1782827859809 0.9999999999998334 55
1782827864175 0.9999999999998334 56
1782827868473 0.9999999999998334 57
1782827872750 0.9999999999998334 58
1782827877116 0.9999999999998334 59
1782827881439 0.9999999999998334 60
1782827885735 0.9999999999998334 61
1782827890070 0.9999999999998334 62
1782827894318 0.9999999999998334 63
1782827898523 0.9999999999998334 64
1782827902873 0.9999999999998334 65
1782827907164 0.9999999999998334 66
1782827911532 0.9999999999998334 67
1782827915919 0.9999999999998334 68
1782827920113 0.9999999999998334 69
1782827924299 0.9999999999998334 70
1782827928516 0.9999999999998334 71
1782827932793 0.9999999999998334 72
1782827937043 0.9999999999998334 73
1782827941246 0.9999999999998334 74
1782827945408 0.9999999999998334 75
1782827949634 0.9999999999998334 76
1782827953853 0.9999999999998334 77
1782827958142 0.9999999999998334 78
1782827962388 0.9999999999998334 79
1782827966628 0.9999999999998334 80
1782827971366 0.9999999999998334 81
1782827975623 0.9999999999998334 82
1782827979891 0.9999999999998334 83
1782827984119 0.9999999999998334 84
1782827988335 0.9999999999998334 85
1782827992590 0.9999999999998334 86
1782827996826 0.9999999999998334 87
1782828001134 0.9999999999998334 88
1782828005417 0.9999999999998334 89
1782828009649 0.9999999999998334 90
1782828013882 0.9999999999998334 91
1782828018081 0.9999999999998334 92
1782828022305 0.9999999999998334 93
1782828026659 0.9999999999998334 94
1782828030909 0.9999999999998334 95
1782828035174 0.9999999999998334 96
1782828039446 0.9999999999998334 97
1782828043681 0.9999999999998334 98
1782828047909 0.9999999999998334 99
