1782990567110 0.27032721482669186 0
1782990572203 0.14081349720674904 1
1782990577217 0.11090630536678392 2
1782990582052 0.09188424686552692 3
1782990587341 0.0830411806558797 4
1782990592536 0.07429869922983105 5
1782990597698 0.07215562680061686 6
1782990603268 0.06196046931666533 7
1782990608371 0.05850763336692117 8
1782990613371 0.05734067705715111 9
1782990618519 0.05626676361841496 10
1782990624011 0.049614389459605196 11
1782990629350 0.051416482428186125 12
1782990634985 0.043983411048574346 13
1782990640457 0.05177185245967086 14
1782990645940 0.04571679258743308 15
1782990651538 0.042881200031446146 16
1782990656674 0.011832345549201772 17
1782990662083 0.005731915837422931 18
1782990667116 0.003888769875338263 19
1782990672164 0.0028745711231421447 20
1782990677312 0.0019291024373026746 21
1782990683005 0.0014424647792219765 22
1782990688426 0.001109413311966888 23
1782990693618 0.0009778525754090594 24
1782990698562 0.0007407444871788104 25
1782990703467 0.00042155377642498607 26
1782990708767 0.00048658880177136527 27
1782990713820 0.0007463010602409448 28
1782990719076 0.0005508171846957271 29
1782990724441 0.00023012023804395748 30
1782990729962 0.0001035814382155934 31
1782990735204 6.780612713603646e-05 32
1782990740649 5.804098649112948e-05 33
1782990746380 4.49877355795941e-05 34
1782990751931 3.832952495695942e-05 35
1782990757577 3.4311748336898725e-05 36
1782990762409 2.7716271224886524e-05 37
1782990767435 2.710403260090091e-05 38
1782990773260 2.1547213319570892e-05 39
1782990779274 1.9527920571082018e-05 40
1782990784825 1.7478919100558798e-05 41
1782990790920 1.4131488793862059e-05 42
1782990796626 1.3486463921602932e-05 43
1782990802168 1.3204308801165058e-05 44
1782990807976 1.2883920157428573e-05 45
1782990813653 1.2651846626974388e-05 46
1782990819078 1.2444082755408034e-05 47
1782990824332 1.2266926567756963e-05 48
1782990829934 1.2094618468191634e-05 49
1782990835915 1.189156743028269e-05 50
1782990842493 1.1682628542485421e-05 51
1782990848136 1.1660754057066078e-05 52
1782990854612 1.1186373703168946e-05 53
1782990860515 1.1169497728345114e-05 54
1782990866137 1.115570230845312e-05 55
1782990871308 1.11377474003726e-05 56
1782990876476 1.1111591574111133e-05 57
1782990881874 1.1098447260531114e-05 58
1782990888066 1.107258516064549e-05 59
1782990894130 1.1057274198116577e-05 60
1782990899885 1.1044339197865774e-05 61
1782990905831 1.1024725560506058e-05 62
1782990911720 1.1008033210023319e-05 63
1782990917184 1.0969966210900845e-05 64
1782990922596 1.0968499238282807e-05 65
1782990929245 1.0966997013194905e-05 66
1782990934455 1.0965435302461795e-05 67
1782990939845 1.096439038692862e-05 68
1782990945136 1.0962855669189305e-05 69
1782990950505 1.0961309869298852e-05 70
1782990955791 1.0960033940781292e-05 71
1782990961228 1.0958824826166409e-05 72
1782990966646 1.0957020803582834e-05 73
1782990972052 1.0956090021827998e-05 74
1782990978053 1.0954520305659877e-05 75
1782990983622 1.0952986879691992e-05 76
1782990989028 1.0952022167824511e-05 77
1782990994579 1.0950577552127407e-05 78
1782991000052 1.0949082534986576e-05 79
1782991005743 1.094800531073829e-05 80
1782991011499 1.094658475756371e-05 81
1782991016880 1.0946043578069606e-05 82
1782991022323 1.0943870526590532e-05 83
1782991028186 1.0942670496130588e-05 84
1782991033420 1.0941392326002634e-05 85
1782991039398 1.0940210375443762e-05 86
1782991045830 1.0938611398113851e-05 87
1782991051864 1.0937563263659368e-05 88
1782991057860 1.0936021678944088e-05 89
1782991063567 1.0935090730106904e-05 90
1782991069312 1.0933467725510299e-05 91
1782991075474 1.0932087160357026e-05 92
1782991081285 1.0930937864462077e-05 93
1782991087102 1.0930384526694176e-05 94
1782991093035 1.092809720531075e-05 95
1782991099798 1.0926929316043032e-05 96
1782991105701 1.0926019330771664e-05 97
1782991111577 1.0924512086870191e-05 98
1782991117598 1.0923187215760547e-05 99
