1783196214224 0.8308166666665282 0
1783196225865 0.8238166666665294 1
1783196236557 0.8078999999998654 2
1783196247226 0.8267666666665289 3
1783196258937 0.8319333333331947 4
1783196270617 0.8401999999998601 5
1783196282438 0.8429333333331929 6
1783196293850 0.8457833333331924 7
1783196305015 0.8457333333331924 8
1783196315787 0.852299999999858 9
1783196325962 0.8523833333331913 10
1783196337902 0.8502333333331916 11
1783196349647 0.9128999999998479 12
1783196361720 0.8990833333331836 13
1783196373556 0.8895833333331851 14
1783196385364 0.8837999999998527 15
1783196397135 0.8789833333331869 16
1783196409047 0.8787666666665203 17
1783196420833 0.8781666666665203 18
1783196432655 0.8788833333331869 19
