1782828845147 0.9053499999998491 0
1782828848472 0.9512499999998415 1
1782828851786 0.962183333333173 2
1782828855092 0.9671333333331722 3
1782828858471 0.970416666666505 4
1782828861767 0.9747499999998376 5
1782828865076 0.9753833333331708 6
1782828868408 0.9773666666665038 7
1782828872204 0.9785999999998369 8
1782828875516 0.9810833333331699 9
1782828878812 0.9813666666665032 10
1782828882094 0.9822333333331696 11
1782828885564 0.982466666666503 12
1782828888875 0.984199999999836 13
1782828892230 0.9848499999998359 14
1782828895563 0.9840833333331693 15
1782828898823 0.984249999999836 16
1782828902150 0.9855666666665025 17
1782828905683 0.995949999999834 18
1782828909140 0.9980166666665004 19
1782828912445 0.9986499999998336 20
1782828915807 0.9986999999998336 21
1782828919142 0.9990166666665002 22
1782828922504 0.9993833333331669 23
1782828925919 0.9993166666665002 24
1782828929246 0.9995333333331667 25
1782828932610 0.9994999999998334 26
1782828935934 0.9997999999998334 27
1782828939248 0.9996666666665001 28
1782828942564 0.9998333333331667 29
1782828945887 0.9999499999998334 30
1782828949177 0.9999833333331667 31
1782828952483 0.9999833333331667 32
1782828955794 0.9999999999998334 33
1782828959073 0.9999999999998334 34
1782828962407 0.9999999999998334 35
1782828965794 0.9999833333331667 36
1782828969174 0.9999999999998334 37
1782828972460 0.9999999999998334 38
1782828975780 0.9999999999998334 39
1782828979140 0.9999999999998334 40
1782828982463 0.9999999999998334 41
1782828985747 0.9999999999998334 42
1782828989050 0.9999999999998334 43
1782828992347 0.9999999999998334 44
1782828995644 0.9999999999998334 45
1782828998944 0.9999999999998334 46
1782829002239 0.9999999999998334 47
1782829005601 0.9999999999998334 48
1782829008984 0.9999999999998334 49
1782829012296 0.9999999999998334 50
1782829015670 0.9999999999998334 51
1782829018978 0.9999999999998334 52
1782829022287 0.9999999999998334 53
1782829025611 0.9999999999998334 54
1782829029023 0.9999999999998334 55
1782829032438 0.9999999999998334 56
1782829035754 0.9999999999998334 57
1782829039098 0.9999999999998334 58
1782829042438 0.9999999999998334 59
1782829045809 0.9999999999998334 60
1782829049162 0.9999999999998334 61
1782829052506 0.9999999999998334 62
1782829055810 0.9999999999998334 63
1782829059173 0.9999999999998334 64
1782829062473 0.9999999999998334 65
1782829065819 0.9999999999998334 66
1782829069150 0.9999999999998334 67
1782829072503 0.9999999999998334 68
1782829075868 0.9999999999998334 69
1782829079195 0.9999999999998334 70
1782829082509 0.9999999999998334 71
1782829085855 0.9999999999998334 72
1782829089163 0.9999999999998334 73
1782829092474 0.9999999999998334 74
1782829095807 0.9999999999998334 75
1782829099123 0.9999999999998334 76
1782829102445 0.9999999999998334 77
1782829105808 0.9999999999998334 78
1782829109174 0.9999999999998334 79
1782829112500 0.9999999999998334 80
1782829115817 0.9999999999998334 81
1782829119181 0.9999999999998334 82
1782829122578 0.9999999999998334 83
1782829125935 0.9999999999998334 84
1782829129356 0.9999999999998334 85
1782829132684 0.9999999999998334 86
1782829136083 0.9999999999998334 87
1782829139453 0.9999999999998334 88
1782829142841 0.9999999999998334 89
1782829146201 0.9999999999998334 90
1782829149524 0.9999999999998334 91
1782829152881 0.9999999999998334 92
1782829156330 0.9999999999998334 93
1782829159680 0.9999999999998334 94
1782829162996 0.9999999999998334 95
1782829166388 0.9999999999998334 96
1782829169833 0.9999999999998334 97
1782829173203 0.9999999999998334 98
1782829176560 0.9999999999998334 99
