1783099946212 1.2356380224227905 0
1783099946218 1.2283101081848145 1
1783099946222 1.2174756526947021 2
1783099946227 1.2133653163909912 3
1783099946233 1.2145013809204102 4
1783099946239 1.2000470161437988 5
1783099946244 1.1931159496307373 6
1783099946248 1.1805237531661987 7
1783099946253 1.1775853633880615 8
1783099946258 1.1643962860107422 9
1783099946265 1.1665871143341064 10
1783099946270 1.1677813529968262 11
1783099946275 1.152373194694519 12
1783099946280 1.142012357711792 13
1783099946286 1.1382521390914917 14
1783099946291 1.1344445943832397 15
1783099946297 1.1314382553100586 16
1783099946302 1.1251060962677002 17
1783099946307 1.1149635314941406 18
1783099946312 1.1079506874084473 19
1783099946317 1.1042205095291138 20
1783099946322 1.0981558561325073 21
1783099946326 1.0927734375 22
1783099946331 1.087428092956543 23
1783099946336 1.0842341184616089 24
1783099946340 1.085200309753418 25
1783099946347 1.0774476528167725 26
1783099946353 1.0608199834823608 27
1783099946359 1.0624279975891113 28
1783099946364 1.0523332357406616 29
1783099946369 1.0567717552185059 30
1783099946372 1.0491647720336914 31
1783099946376 1.0429085493087769 32
1783099946380 1.0434746742248535 33
1783099946384 1.0513709783554077 34
1783099946387 1.0353795289993286 35
1783099946392 1.0397971868515015 36
1783099946397 1.0278936624526978 37
1783099946401 1.0194785594940186 38
1783099946405 1.0180453062057495 39
1783099946409 1.0210974216461182 40
1783099946412 1.016196608543396 41
1783099946416 1.0134060382843018 42
1783099946419 1.013631820678711 43
1783099946423 1.0109422206878662 44
1783099946426 1.0091397762298584 45
1783099946429 1.006492018699646 46
1783099946433 1.0006756782531738 47
1783099946437 1.0037081241607666 48
1783099946440 1.0047897100448608 49
1783099946444 0.9871194362640381 50
1783099946448 0.9932479858398438 51
1783099946452 0.9795193672180176 52
1783099946456 0.9876929521560669 53
1783099946460 0.9882712364196777 54
1783099946464 0.9797775149345398 55
1783099946468 0.9772008657455444 56
1783099946472 0.9790171384811401 57
1783099946476 0.9679336547851562 58
1783099946480 0.9723877906799316 59
1783099946484 0.9673335552215576 60
1783099946488 0.9704800248146057 61
1783099946492 0.9709606170654297 62
1783099946496 0.9671719074249268 63
1783099946500 0.9652209281921387 64
1783099946504 0.966620147228241 65
1783099946508 0.9559852480888367 66
1783099946512 0.9585261344909668 67
1783099946515 0.9521186351776123 68
1783099946519 0.9551689624786377 69
1783099946523 0.9567234516143799 70
1783099946527 0.9509811401367188 71
1783099946531 0.9548632502555847 72
1783099946535 0.9518500566482544 73
1783099946539 0.9553056955337524 74
1783099946543 0.9503527879714966 75
1783099946546 0.9473899602890015 76
1783099946550 0.9441988468170166 77
1783099946554 0.9430214762687683 78
1783099946557 0.9512721300125122 79
1783099946562 0.9462624788284302 80
1783099946567 0.9486885070800781 81
1783099946571 0.9496563673019409 82
1783099946574 0.9425497055053711 83
1783099946577 0.9479671716690063 84
1783099946581 0.944046139717102 85
1783099946586 0.9358745813369751 86
1783099946589 0.942679226398468 87
1783099946593 0.9423338174819946 88
1783099946597 0.94330894947052 89
1783099946600 0.9359573721885681 90
1783099946603 0.9406706690788269 91
1783099946607 0.9353933334350586 92
1783099946610 0.9430575370788574 93
1783099946614 0.9421303272247314 94
1783099946617 0.9453891515731812 95
1783099946621 0.940700888633728 96
1783099946624 0.9346877932548523 97
1783099946627 0.9444112777709961 98
1783099946632 0.9403491020202637 99
1783099946636 0.935459554195404 100
1783099946640 0.9461854100227356 101
1783099946643 0.9428537487983704 102
1783099946646 0.9446960091590881 103
1783099946650 0.9480796456336975 104
1783099946653 0.943095326423645 105
1783099946656 0.9425429105758667 106
1783099946660 0.9479934573173523 107
1783099946663 0.9496464729309082 108
1783099946666 0.9450734257698059 109
1783099946670 0.945629358291626 110
1783099946673 0.945391058921814 111
1783099946676 0.9482183456420898 112
1783099946680 0.9401367902755737 113
1783099946685 0.945884644985199 114
1783099946689 0.9461745619773865 115
1783099946693 0.9429613947868347 116
1783099946696 0.9504481554031372 117
1783099946699 0.9413915872573853 118
1783099946703 0.9447082281112671 119
1783099946706 0.9371147155761719 120
1783099946709 0.9460008144378662 121
1783099946712 0.9416574835777283 122
1783099946715 0.9434638023376465 123
1783099946719 0.951348066329956 124
1783099946722 0.9455109238624573 125
1783099946725 0.9472660422325134 126
1783099946728 0.95656818151474 127
1783099946732 0.9465941786766052 128
1783099946736 0.9454289078712463 129
1783099946740 0.9454770088195801 130
1783099946744 0.9493398070335388 131
1783099946748 0.9457406401634216 132
1783099946752 0.9502176642417908 133
1783099946756 0.9456693530082703 134
1783099946760 0.9543948173522949 135
1783099946764 0.9526299238204956 136
1783099946768 0.9573025107383728 137
1783099946772 0.9499008655548096 138
1783099946776 0.9538920521736145 139
1783099946780 0.9576497673988342 140
1783099946784 0.9470027685165405 141
1783099946789 0.9496868848800659 142
1783099946793 0.9551007747650146 143
1783099946798 0.9488674998283386 144
1783099946802 0.9608058333396912 145
1783099946806 0.951580822467804 146
1783099946810 0.9522042274475098 147
1783099946814 0.9621543884277344 148
1783099946818 0.9579353332519531 149
1783099946821 0.966485857963562 150
1783099946824 0.950127124786377 151
1783099946827 0.9558224678039551 152
1783099946830 0.9401825666427612 153
1783099946834 0.960483193397522 154
1783099946839 0.9521867632865906 155
1783099946844 0.9624996781349182 156
1783099946847 0.9564871788024902 157
1783099946850 0.9553813934326172 158
1783099946854 0.9613692760467529 159
1783099946857 0.9511048793792725 160
1783099946860 0.9493902921676636 161
1783099946864 0.9579895734786987 162
1783099946868 0.9506047368049622 163
1783099946872 0.9587183594703674 164
1783099946877 0.9564253091812134 165
1783099946880 0.9633060693740845 166
1783099946885 0.9518968462944031 167
1783099946889 0.9516362547874451 168
1783099946893 0.9603298306465149 169
1783099946896 0.9653488397598267 170
1783099946900 0.9658627510070801 171
1783099946904 0.9533637762069702 172
1783099946908 0.9553687572479248 173
1783099946912 0.9597576260566711 174
1783099946916 0.9583099484443665 175
1783099946920 0.9564854502677917 176
1783099946923 0.9633380174636841 177
1783099946927 0.9595280289649963 178
1783099946931 0.9648082852363586 179
1783099946935 0.9591097831726074 180
1783099946939 0.9533005952835083 181
1783099946943 0.9582313299179077 182
1783099946947 0.9549421668052673 183
1783099946951 0.961135983467102 184
1783099946955 0.9617761373519897 185
1783099946959 0.9488393068313599 186
1783099946962 0.953374445438385 187
1783099946966 0.9573626518249512 188
1783099946969 0.9513978958129883 189
1783099946973 0.9542242288589478 190
1783099946977 0.9591485261917114 191
1783099946980 0.961318850517273 192
1783099946984 0.9556325078010559 193
1783099946988 0.9498862028121948 194
1783099946993 0.9635014533996582 195
1783099946998 0.963421106338501 196
1783099947002 0.9557018876075745 197
1783099947006 0.9520322680473328 198
1783099947010 0.9502682089805603 199
1783099947013 0.9532685279846191 200
1783099947017 0.9629815220832825 201
1783099947021 0.9491835236549377 202
1783099947025 0.9507865309715271 203
1783099947028 0.9579693078994751 204
1783099947032 0.952470064163208 205
1783099947036 0.9504609704017639 206
1783099947040 0.9540808796882629 207
1783099947044 0.9653507471084595 208
1783099947048 0.9543825387954712 209
1783099947052 0.9606093168258667 210
1783099947057 0.9449587464332581 211
1783099947061 0.9504521489143372 212
1783099947065 0.9530733823776245 213
1783099947069 0.9505831003189087 214
1783099947073 0.9473286271095276 215
1783099947077 0.95074462890625 216
1783099947081 0.9482579827308655 217
1783099947086 0.9532340168952942 218
1783099947090 0.9444442987442017 219
1783099947094 0.9499332904815674 220
1783099947098 0.951329231262207 221
1783099947103 0.9455063939094543 222
1783099947107 0.9379836320877075 223
1783099947111 0.9485689997673035 224
1783099947114 0.9470342397689819 225
1783099947118 0.9398796558380127 226
1783099947121 0.9464041590690613 227
1783099947124 0.9380883574485779 228
1783099947127 0.939601480960846 229
1783099947130 0.9586951732635498 230
1783099947133 0.9403239488601685 231
1783099947137 0.936596155166626 232
1783099947141 0.9536471366882324 233
1783099947144 0.9470822811126709 234
1783099947148 0.9518926739692688 235
1783099947152 0.9394083023071289 236
1783099947155 0.9384405612945557 237
1783099947158 0.9303487539291382 238
1783099947161 0.9292240142822266 239
1783099947164 0.9352187514305115 240
1783099947167 0.9392260909080505 241
1783099947170 0.9300007820129395 242
1783099947173 0.9312810897827148 243
1783099947176 0.9316005110740662 244
1783099947179 0.9408345818519592 245
1783099947181 0.9372566342353821 246
1783099947184 0.9204012751579285 247
1783099947188 0.9389845728874207 248
1783099947192 0.9332938194274902 249
1783099947197 0.9313266277313232 250
1783099947201 0.9329320788383484 251
1783099947205 0.9279991388320923 252
1783099947209 0.9300267100334167 253
1783099947213 0.9313672780990601 254
1783099947217 0.9306697249412537 255
1783099947221 0.9291518926620483 256
1783099947224 0.9332711100578308 257
1783099947228 0.9387864470481873 258
1783099947232 0.9261203408241272 259
1783099947236 0.9343221783638 260
1783099947239 0.9275187253952026 261
1783099947243 0.9256960153579712 262
1783099947248 0.9284416437149048 263
1783099947252 0.9195044040679932 264
1783099947254 0.9196985363960266 265
1783099947258 0.9276217222213745 266
1783099947262 0.9310941696166992 267
1783099947266 0.9289137721061707 268
1783099947270 0.9255472421646118 269
1783099947274 0.9194536209106445 270
1783099947278 0.9247040152549744 271
1783099947282 0.9110931158065796 272
1783099947286 0.9273790121078491 273
1783099947290 0.9137035608291626 274
1783099947294 0.914541482925415 275
1783099947299 0.9166192412376404 276
1783099947303 0.9250993728637695 277
1783099947307 0.9197748899459839 278
1783099947311 0.9286962747573853 279
1783099947315 0.9171988368034363 280
1783099947319 0.915169358253479 281
1783099947323 0.9150720834732056 282
1783099947326 0.9210431575775146 283
1783099947330 0.9070472717285156 284
1783099947334 0.9224797487258911 285
1783099947337 0.9214032888412476 286
1783099947341 0.9237677454948425 287
1783099947345 0.91513592004776 288
1783099947349 0.9201948046684265 289
1783099947353 0.9154547452926636 290
1783099947358 0.9140905141830444 291
1783099947362 0.9222265481948853 292
1783099947366 0.9092385768890381 293
1783099947370 0.9207437634468079 294
1783099947374 0.9152137637138367 295
1783099947378 0.9138856530189514 296
1783099947382 0.9137576222419739 297
1783099947386 0.9128636121749878 298
1783099947390 0.9041985869407654 299
1783099947394 0.9117143154144287 300
1783099947398 0.9118238091468811 301
1783099947402 0.9104193449020386 302
1783099947407 0.9099176526069641 303
1783099947412 0.909740686416626 304
1783099947416 0.9138051867485046 305
1783099947420 0.9076013565063477 306
1783099947424 0.9097890257835388 307
1783099947428 0.911449134349823 308
1783099947432 0.90831059217453 309
1783099947436 0.9118496775627136 310
1783099947440 0.9022253751754761 311
1783099947444 0.9200035333633423 312
1783099947448 0.9082614779472351 313
1783099947452 0.908819317817688 314
1783099947456 0.9131091833114624 315
1783099947461 0.9044442176818848 316
1783099947465 0.9130852222442627 317
1783099947469 0.9175885915756226 318
1783099947473 0.9233255982398987 319
1783099947477 0.9108672142028809 320
1783099947481 0.9105824828147888 321
1783099947485 0.9158915281295776 322
1783099947489 0.9102286100387573 323
1783099947493 0.9059153199195862 324
1783099947496 0.9096517562866211 325
1783099947500 0.9089047312736511 326
1783099947504 0.9085854887962341 327
1783099947508 0.9134805202484131 328
1783099947512 0.9111377596855164 329
1783099947517 0.9049917459487915 330
1783099947521 0.9101754426956177 331
1783099947525 0.9148420691490173 332
1783099947529 0.9144517779350281 333
1783099947533 0.9097710251808167 334
1783099947536 0.9078232645988464 335
1783099947540 0.9171367883682251 336
1783099947544 0.9168251752853394 337
1783099947548 0.9116251468658447 338
1783099947552 0.9128009676933289 339
1783099947556 0.9145510196685791 340
1783099947559 0.9113015532493591 341
1783099947564 0.9192777872085571 342
1783099947568 0.9195424318313599 343
1783099947573 0.9174911975860596 344
1783099947576 0.9157755970954895 345
1783099947580 0.9074990153312683 346
1783099947584 0.9089145064353943 347
1783099947588 0.9224392771720886 348
1783099947592 0.91135573387146 349
1783099947594 0.9123239517211914 350
1783099947597 0.9151955842971802 351
1783099947600 0.9258996248245239 352
1783099947603 0.9234849810600281 353
1783099947606 0.920090913772583 354
1783099947609 0.9217615723609924 355
1783099947614 0.9194207787513733 356
1783099947619 0.9189480543136597 357
1783099947624 0.9232252240180969 358
1783099947629 0.9182219505310059 359
1783099947633 0.9212784767150879 360
1783099947637 0.9236679077148438 361
1783099947641 0.9229831695556641 362
1783099947646 0.9264175891876221 363
1783099947649 0.9196959733963013 364
1783099947653 0.9294065833091736 365
1783099947657 0.9225276708602905 366
1783099947661 0.9241986274719238 367
1783099947664 0.9254725575447083 368
1783099947668 0.9264611601829529 369
1783099947672 0.9149869084358215 370
1783099947675 0.9238625168800354 371
1783099947679 0.9222776889801025 372
1783099947684 0.9305202960968018 373
1783099947688 0.9297527074813843 374
1783099947692 0.9279823303222656 375
1783099947696 0.923408031463623 376
1783099947700 0.9265040159225464 377
1783099947704 0.9257258772850037 378
1783099947708 0.9308857321739197 379
1783099947712 0.9274730086326599 380
1783099947716 0.9331262707710266 381
1783099947720 0.9342469573020935 382
1783099947724 0.9341519474983215 383
1783099947728 0.9357976913452148 384
1783099947732 0.925705075263977 385
1783099947736 0.9269654154777527 386
1783099947740 0.9323956370353699 387
1783099947744 0.9444579482078552 388
1783099947748 0.9437787532806396 389
1783099947752 0.9305704832077026 390
1783099947756 0.9447987675666809 391
1783099947760 0.9450932741165161 392
1783099947763 0.9437697529792786 393
1783099947766 0.9400790333747864 394
1783099947769 0.9404042959213257 395
1783099947772 0.941604495048523 396
1783099947775 0.9397516846656799 397
1783099947778 0.9447438716888428 398
1783099947781 0.942945659160614 399
1783099947784 0.94085693359375 400
1783099947787 0.9441057443618774 401
1783099947791 0.9401748180389404 402
1783099947794 0.9543517827987671 403
1783099947796 0.9516964554786682 404
1783099947800 0.9383718967437744 405
1783099947804 0.9469173550605774 406
1783099947808 0.9577187299728394 407
1783099947813 0.9415278434753418 408
1783099947817 0.953247606754303 409
1783099947821 0.9636931419372559 410
1783099947826 0.9446897506713867 411
1783099947830 0.9477944374084473 412
1783099947833 0.9677703380584717 413
1783099947838 0.9549258947372437 414
1783099947841 0.9519774317741394 415
1783099947845 0.9553682208061218 416
1783099947849 0.9538496136665344 417
1783099947853 0.9513740539550781 418
1783099947857 0.9631103277206421 419
1783099947862 0.960045337677002 420
1783099947867 0.9449357986450195 421
1783099947872 0.9720776677131653 422
1783099947875 0.9693055152893066 423
1783099947880 0.9660492539405823 424
1783099947884 0.9663342237472534 425
1783099947888 0.9676561951637268 426
1783099947893 0.9695471525192261 427
1783099947897 0.972932755947113 428
1783099947901 0.9708294868469238 429
1783099947905 0.9704519510269165 430
1783099947909 0.9704475402832031 431
1783099947912 0.9762182235717773 432
1783099947917 0.9845592975616455 433
1783099947921 0.9763043522834778 434
1783099947924 0.9744906425476074 435
1783099947928 0.9721077680587769 436
1783099947931 0.9710339307785034 437
1783099947933 0.9738144278526306 438
1783099947937 0.9773248434066772 439
1783099947940 0.9793039560317993 440
1783099947942 0.9920720458030701 441
1783099947945 0.9917210340499878 442
1783099947948 0.9763838052749634 443
1783099947951 0.9827582836151123 444
1783099947954 0.9924843311309814 445
1783099947957 0.9839122295379639 446
1783099947962 0.9929719567298889 447
1783099947966 0.9881393909454346 448
1783099947971 0.994023859500885 449
1783099947975 1.0049115419387817 450
1783099947979 0.9981784820556641 451
1783099947983 0.9956163763999939 452
1783099947986 1.005274772644043 453
1783099947990 0.9991253018379211 454
1783099947995 0.9878782033920288 455
1783099947999 1.0065048933029175 456
1783099948004 0.9855295419692993 457
1783099948008 0.9931575059890747 458
1783099948012 0.9976947903633118 459
1783099948016 0.9908338785171509 460
1783099948020 0.9915677309036255 461
1783099948024 1.0088220834732056 462
1783099948027 1.0070829391479492 463
1783099948030 1.005805492401123 464
1783099948033 1.0063059329986572 465
1783099948036 1.010264277458191 466
1783099948039 1.0114644765853882 467
1783099948042 1.0053493976593018 468
1783099948045 1.0133180618286133 469
1783099948048 1.0210902690887451 470
1783099948051 1.0098187923431396 471
1783099948054 1.0150697231292725 472
1783099948057 1.024828314781189 473
1783099948060 1.0020862817764282 474
1783099948063 1.0103825330734253 475
1783099948067 1.0177960395812988 476
1783099948072 1.0187842845916748 477
1783099948076 1.0179744958877563 478
1783099948080 1.023789644241333 479
1783099948084 1.0251480340957642 480
1783099948088 1.024341344833374 481
1783099948092 1.0152138471603394 482
1783099948096 1.0410315990447998 483
1783099948104 1.0193862915039062 484
1783099948108 1.0248509645462036 485
1783099948112 1.0309033393859863 486
1783099948116 1.0312236547470093 487
1783099948119 1.0205131769180298 488
1783099948124 1.0425390005111694 489
1783099948128 1.034839153289795 490
1783099948132 1.0282275676727295 491
1783099948136 1.0211154222488403 492
1783099948140 1.0460296869277954 493
1783099948144 1.0341846942901611 494
1783099948147 1.0369819402694702 495
1783099948151 1.0371346473693848 496
1783099948155 1.0475382804870605 497
1783099948159 1.0370001792907715 498
1783099948163 1.023231863975525 499
1783099948166 1.0255323648452759 500
1783099948170 1.0540575981140137 501
1783099948174 1.0302242040634155 502
1783099948179 1.0438991785049438 503
1783099948183 1.0591151714324951 504
1783099948187 1.0430688858032227 505
1783099948191 1.0411715507507324 506
1783099948195 1.0572243928909302 507
1783099948199 1.0539931058883667 508
1783099948202 1.042281150817871 509
1783099948206 1.0502969026565552 510
1783099948210 1.0475150346755981 511
1783099948214 1.0458602905273438 512
1783099948218 1.0678786039352417 513
1783099948222 1.061194658279419 514
1783099948225 1.0394389629364014 515
1783099948230 1.0642814636230469 516
1783099948234 1.0585947036743164 517
1783099948238 1.0604342222213745 518
1783099948242 1.0565989017486572 519
1783099948246 1.0570036172866821 520
1783099948250 1.0619697570800781 521
1783099948254 1.0574098825454712 522
1783099948257 1.0429540872573853 523
1783099948261 1.0464839935302734 524
1783099948265 1.0671882629394531 525
1783099948269 1.0658756494522095 526
1783099948273 1.0656397342681885 527
1783099948278 1.0504119396209717 528
1783099948282 1.059505581855774 529
1783099948286 1.0667723417282104 530
1783099948291 1.0707429647445679 531
1783099948295 1.0590617656707764 532
1783099948298 1.0743591785430908 533
1783099948302 1.0744085311889648 534
1783099948306 1.0689610242843628 535
1783099948310 1.05449640750885 536
1783099948314 1.0701744556427002 537
1783099948318 1.0735688209533691 538
1783099948322 1.0753334760665894 539
1783099948326 1.0683624744415283 540
1783099948330 1.057093858718872 541
1783099948334 1.073981761932373 542
1783099948338 1.0739474296569824 543
1783099948343 1.069677710533142 544
1783099948346 1.0645867586135864 545
1783099948350 1.0849621295928955 546
1783099948354 1.0845986604690552 547
1783099948358 1.0915817022323608 548
1783099948362 1.0609045028686523 549
1783099948366 1.0861908197402954 550
1783099948370 1.0766931772232056 551
1783099948374 1.0715792179107666 552
1783099948378 1.0754706859588623 553
1783099948383 1.0800131559371948 554
1783099948387 1.079598307609558 555
1783099948391 1.0875364542007446 556
1783099948395 1.0879709720611572 557
1783099948399 1.0822553634643555 558
1783099948403 1.0777888298034668 559
1783099948407 1.0883793830871582 560
1783099948411 1.0876485109329224 561
1783099948415 1.0918551683425903 562
1783099948419 1.0970017910003662 563
1783099948423 1.0785009860992432 564
1783099948427 1.0848246812820435 565
1783099948431 1.0929895639419556 566
1783099948436 1.0789158344268799 567
1783099948440 1.068003535270691 568
1783099948444 1.090470790863037 569
1783099948448 1.0736855268478394 570
1783099948452 1.089796781539917 571
1783099948456 1.087490439414978 572
1783099948460 1.0913615226745605 573
1783099948464 1.0955475568771362 574
1783099948468 1.0870310068130493 575
1783099948472 1.0766212940216064 576
1783099948476 1.0807807445526123 577
1783099948480 1.0952792167663574 578
1783099948484 1.0791376829147339 579
1783099948489 1.070203185081482 580
1783099948493 1.0877500772476196 581
1783099948497 1.0965795516967773 582
1783099948501 1.085810661315918 583
1783099948505 1.0878815650939941 584
1783099948509 1.0890644788742065 585
1783099948513 1.1002413034439087 586
1783099948518 1.0769981145858765 587
1783099948521 1.0763940811157227 588
1783099948525 1.0971159934997559 589
1783099948529 1.0773696899414062 590
1783099948533 1.0857383012771606 591
1783099948537 1.0862447023391724 592
1783099948542 1.092699408531189 593
1783099948545 1.0998358726501465 594
1783099948548 1.0928095579147339 595
1783099948552 1.101790189743042 596
1783099948555 1.1025968790054321 597
1783099948558 1.0953294038772583 598
1783099948561 1.081588864326477 599
1783099948564 1.0901072025299072 600
1783099948567 1.0931041240692139 601
1783099948570 1.0856221914291382 602
1783099948573 1.0798730850219727 603
1783099948576 1.0921050310134888 604
1783099948580 1.0987634658813477 605
1783099948582 1.0833805799484253 606
1783099948585 1.0955091714859009 607
1783099948590 1.0884004831314087 608
1783099948594 1.0978472232818604 609
1783099948599 1.0899276733398438 610
1783099948603 1.0991052389144897 611
1783099948607 1.0703381299972534 612
1783099948612 1.0858038663864136 613
1783099948616 1.0842393636703491 614
1783099948619 1.095531702041626 615
1783099948624 1.0843864679336548 616
1783099948628 1.100171446800232 617
1783099948632 1.0822296142578125 618
1783099948636 1.0973974466323853 619
1783099948640 1.0923895835876465 620
1783099948645 1.081427812576294 621
1783099948649 1.078675389289856 622
1783099948654 1.0892835855484009 623
1783099948658 1.0910476446151733 624
1783099948662 1.093165397644043 625
1783099948667 1.0917495489120483 626
1783099948671 1.1063380241394043 627
1783099948675 1.0979021787643433 628
1783099948680 1.0943299531936646 629
1783099948683 1.1001691818237305 630
1783099948687 1.10563063621521 631
1783099948692 1.0988266468048096 632
1783099948696 1.0848698616027832 633
1783099948701 1.0850820541381836 634
1783099948706 1.097005844116211 635
1783099948710 1.0952200889587402 636
1783099948714 1.092451572418213 637
1783099948719 1.0854911804199219 638
1783099948722 1.0984184741973877 639
1783099948726 1.0797921419143677 640
1783099948731 1.091064214706421 641
1783099948734 1.0970529317855835 642
1783099948738 1.1045249700546265 643
1783099948742 1.0764662027359009 644
1783099948746 1.091613531112671 645
1783099948751 1.0829683542251587 646
1783099948755 1.0951236486434937 647
1783099948759 1.0847492218017578 648
1783099948763 1.0883899927139282 649
1783099948767 1.0770246982574463 650
1783099948772 1.0861672163009644 651
1783099948775 1.0935670137405396 652
1783099948779 1.087875485420227 653
1783099948783 1.0903781652450562 654
1783099948787 1.0995612144470215 655
1783099948791 1.0887399911880493 656
1783099948795 1.078944206237793 657
1783099948800 1.0787346363067627 658
1783099948804 1.0940632820129395 659
1783099948808 1.0928120613098145 660
1783099948813 1.0999423265457153 661
1783099948816 1.0922812223434448 662
1783099948820 1.0959261655807495 663
1783099948824 1.0892990827560425 664
1783099948828 1.0876654386520386 665
1783099948832 1.0913691520690918 666
1783099948836 1.0818114280700684 667
1783099948840 1.0956329107284546 668
1783099948844 1.077711820602417 669
1783099948848 1.0763133764266968 670
1783099948852 1.0834094285964966 671
1783099948856 1.0931365489959717 672
1783099948860 1.0844939947128296 673
1783099948864 1.0721454620361328 674
1783099948868 1.080344796180725 675
1783099948872 1.0896778106689453 676
1783099948876 1.099747896194458 677
1783099948880 1.0951573848724365 678
1783099948884 1.0980429649353027 679
1783099948888 1.084828495979309 680
1783099948892 1.0944371223449707 681
1783099948895 1.0926693677902222 682
1783099948898 1.0838911533355713 683
1783099948902 1.0882058143615723 684
1783099948906 1.0856297016143799 685
1783099948910 1.0854045152664185 686
1783099948914 1.0909932851791382 687
1783099948918 1.091506004333496 688
1783099948922 1.0790059566497803 689
1783099948926 1.0868037939071655 690
1783099948930 1.0869345664978027 691
1783099948933 1.093963623046875 692
1783099948937 1.093087911605835 693
1783099948940 1.0854367017745972 694
1783099948943 1.087282657623291 695
1783099948946 1.0822257995605469 696
1783099948950 1.0900840759277344 697
1783099948954 1.1032527685165405 698
1783099948958 1.0787360668182373 699
1783099948962 1.0892413854599 700
1783099948966 1.1083269119262695 701
1783099948970 1.0917478799819946 702
1783099948974 1.0872645378112793 703
1783099948978 1.0952328443527222 704
1783099948982 1.0724843740463257 705
1783099948986 1.0804800987243652 706
1783099948990 1.0837948322296143 707
1783099948994 1.0634163618087769 708
1783099948998 1.0922870635986328 709
1783099949003 1.0858930349349976 710
1783099949007 1.0970076322555542 711
1783099949011 1.0885087251663208 712
