1783096821014 1.0191168520995761 0
1783096826905 1.0717246189455971 1
1783096832755 0.5743119636232816 2
1783096838590 0.7281458112577006 3
1783096844386 0.7688226531651774 4
1783096850245 0.6817256661900096 5
1783096856184 0.4440887070341766 6
1783096862048 0.4414507356110121 7
1783096867965 0.014067590311059247 8
1783096873834 0.0041072757801411735 9
1783096879677 0.004192700357431788 10
1783096885591 0.36590638126985736 11
1783096891493 0.00654350808917011 12
1783096897361 0.0012418424800636847 13
1783096903220 0.0005646589888839852 14
1783096909218 0.0003584057723377026 15
1783096915111 0.00021742823942752444 16
1783096921010 0.00011485550720980273 17
1783096926979 6.662497346869787e-05 18
1783096932955 4.1465458606145054e-05 19
1783096938912 2.7122223563775134e-05 20
1783096944938 1.6521555373706615e-05 21
1783096950921 1.0291109213002154e-05 22
1783096956855 9.397994309044784e-06 23
1783096962880 1.0033987995304125e-05 24
1783096968843 5.553328713508258e-06 25
1783096974720 2.1892013916052006e-06 26
1783096980799 9.539594448922414e-07 27
1783096986696 4.320873440418774e-07 28
1783096992773 2.0662585705487712e-07 29
1783096998852 1.2699942444825543e-07 30
1783097004905 7.288681377213628e-08 31
1783097010980 4.6569786610868486e-08 32
1783097016841 0.43101391908327435 33
1783097022937 0.004244016717578113 34
1783097028877 0.0011225359950265284 35
1783097034862 0.0005162873913120073 36
1783097040837 0.00024890682831682774 37
1783097046861 0.00014316819818898426 38
1783097052904 8.445524279553169e-05 39
1783097059104 5.1765580263978567e-05 40
1783097065142 4.152773866401943e-05 41
1783097071209 4.8442636692808496e-05 42
1783097077159 5.760330984179878e-05 43
1783097083201 6.793360544039003e-05 44
1783097089183 0.2444900818834607 45
1783097095137 0.09926073488761893 46
1783097101141 0.001957817284255505 47
1783097107240 0.0008581506890021997 48
1783097113283 0.0005529837295162791 49
1783097119412 0.0005193181334659267 50
1783097125436 0.3330722650488812 51
1783097131527 0.005601224300353035 52
1783097137566 0.001228946816800922 53
1783097143577 0.0007051413642444853 54
1783097149605 0.00048147431741230083 55
1783097155673 0.00028366288174807783 56
1783097161784 0.00023099532940617276 57
1783097167711 0.0002623343792504274 58
1783097173728 0.0002243911311287042 59
1783097179751 0.00033265578883028295 60
1783097185778 0.2076320131634507 61
1783097191914 0.05871061214240101 62
1783097197896 0.001982062987180836 63
1783097203943 0.0019336698770171588 64
1783097210063 0.002561317659928655 65
1783097216149 0.001220218346070565 66
1783097222154 0.00034550471373882683 67
1783097228195 0.00015393444863672209 68
1783097234296 0.00010708310814137078 69
1783097241958 0.00011109320864791145 70
1783097249914 5.7551165004454326e-05 71
1783097256926 2.1255743718105884e-05 72
1783097262879 1.3073638998470983e-05 73
1783097269021 9.115863417385201e-06 74
1783097274993 1.2239203091106533e-05 75
1783097281048 8.360331445184029e-06 76
1783097286969 2.9636613441712617e-06 77
1783097292797 2.640023731076929e-06 78
1783097298815 9.181461307351373e-07 79
1783097304872 8.791175742237207e-07 80
1783097310791 1.1279793300963452e-06 81
1783097316762 0.31627695153044055 82
1783097322709 0.001133399156010526 83
1783097328724 0.0003429601728423161 84
1783097334813 0.0001857811221037453 85
1783097340674 0.0001093645303050928 86
1783097346732 6.918151440185741e-05 87
1783097352685 4.863999371426286e-05 88
1783097358710 3.598122136899501e-05 89
1783097364790 3.274748686544329e-05 90
1783097370786 2.453243577976927e-05 91
1783097376776 1.9092817167165748e-05 92
1783097382789 9.883827411345729e-06 93
1783097388841 7.732988519030954e-06 94
1783097394825 8.749409778572501e-06 95
1783097400779 4.743691900262935e-06 96
1783097406816 2.8253018495289773e-06 97
1783097412772 1.1819886531193998e-06 98
1783097418715 7.386124727975525e-07 99
