1782827256209 0.9146499999998476 0
1782827259751 0.9570333333331739 1
1782827263364 0.9653499999998392 2
1782827266950 0.9712499999998382 3
1782827270442 0.9744499999998376 4
1782827273986 0.9765333333331706 5
1782827277597 0.9786499999998369 6
1782827281094 0.9799999999998367 7
1782827284618 0.9814833333331698 8
1782827288321 0.9832833333331695 9
1782827292021 0.9839833333331693 10
1782827295685 0.9839333333331693 11
1782827299448 0.9852999999998359 12
1782827303166 0.985933333333169 13
1782827306964 0.985983333333169 14
1782827310709 0.9871666666665022 15
1782827314503 0.9861166666665023 16
1782827318312 0.988366666666502 17
1782827322140 0.9872333333331689 18
1782827325876 0.9883499999998353 19
1782827329695 0.9877999999998354 20
1782827333489 0.9899333333331684 21
1782827337224 0.9889833333331686 22
1782827341013 0.9888999999998352 23
1782827344882 0.9886999999998353 24
1782827348682 0.9882999999998353 25
1782827352424 0.9905833333331683 26
1782827356236 0.9893166666665019 27
1782827360064 0.990099999999835 28
1782827363829 0.9981666666665003 29
1782827367621 0.9992999999998335 30
1782827371373 0.9995499999998334 31
1782827375215 0.9998166666665 32
1782827378933 0.9997499999998334 33
1782827382734 0.9998666666665 34
1782827386643 0.9998666666665 35
1782827390579 0.9999333333331667 36
1782827394404 0.9998999999998334 37
1782827398246 0.9998333333331667 38
1782827402090 0.9999666666665 39
1782827405989 0.9999666666665 40
1782827409807 0.9999333333331667 41
1782827413587 0.9999999999998334 42
1782827417453 0.9999999999998334 43
1782827421288 0.9999999999998334 44
1782827424949 0.9999999999998334 45
1782827428623 0.9999999999998334 46
1782827432271 0.9999999999998334 47
1782827435919 0.9999999999998334 48
1782827439588 0.9999999999998334 49
1782827443403 0.9999999999998334 50
1782827447092 0.9999999999998334 51
1782827450859 0.9999999999998334 52
1782827454555 0.9999999999998334 53
1782827458283 0.9999999999998334 54
1782827462063 0.9999999999998334 55
1782827465711 0.9999999999998334 56
1782827469463 0.9999999999998334 57
1782827473079 0.9999999999998334 58
1782827476719 0.9999999999998334 59
1782827480398 0.9999999999998334 60
1782827484076 0.9999999999998334 61
1782827487785 0.9999999999998334 62
1782827491450 0.9999999999998334 63
1782827495096 0.9999999999998334 64
1782827498773 0.9999999999998334 65
1782827502444 0.9999999999998334 66
1782827506089 0.9999999999998334 67
1782827509838 0.9999999999998334 68
1782827513554 0.9999999999998334 69
1782827517176 0.9999999999998334 70
1782827520849 0.9999999999998334 71
1782827524573 0.9999999999998334 72
1782827528234 0.9999999999998334 73
1782827531861 0.9999999999998334 74
1782827535936 0.9999999999998334 75
1782827539591 0.9999999999998334 76
1782827543290 0.9999999999998334 77
1782827547002 0.9999999999998334 78
1782827550701 0.9999999999998334 79
1782827554395 0.9999999999998334 80
1782827558093 0.9999999999998334 81
1782827561807 0.9999999999998334 82
1782827565451 0.9999999999998334 83
1782827569168 0.9999999999998334 84
1782827572809 0.9999999999998334 85
1782827576540 0.9999999999998334 86
1782827580255 0.9999999999998334 87
1782827583991 0.9999999999998334 88
1782827587635 0.9999999999998334 89
1782827591318 0.9999999999998334 90
1782827595060 0.9999999999998334 91
1782827598824 0.9999999999998334 92
1782827602496 0.9999999999998334 93
1782827606190 0.9999999999998334 94
1782827609858 0.9999999999998334 95
1782827613589 0.9999999999998334 96
1782827617505 0.9999999999998334 97
1782827621285 0.9999999999998334 98
1782827624949 0.9999999999998334 99
