1783175116754 4.852292537689209 0
1783175116756 4.852056980133057 1
1783175116759 4.851536273956299 2
1783175116761 4.8514323234558105 3
1783175116763 4.851227760314941 4
1783175116766 4.851282596588135 5
1783175116768 4.850249290466309 6
1783175116770 4.848630905151367 7
1783175116773 4.84852409362793 8
1783175116775 4.848069667816162 9
1783175116778 4.8475847244262695 10
1783175116781 4.846230983734131 11
1783175116783 4.841536521911621 12
1783175116785 4.845005035400391 13
1783175116787 4.839417934417725 14
1783175116789 4.842313766479492 15
1783175116791 4.834489345550537 16
1783175116793 4.835244655609131 17
1783175116795 4.828251361846924 18
1783175116797 4.829571723937988 19
1783175116799 4.819642066955566 20
1783175116801 4.812933444976807 21
1783175116804 4.822317600250244 22
1783175116806 4.8104753494262695 23
1783175116808 4.799757957458496 24
1783175116810 4.803304672241211 25
1783175116813 4.785552024841309 26
1783175116815 4.808635234832764 27
1783175116817 4.79597806930542 28
1783175116820 4.777031421661377 29
1783175116822 4.779329776763916 30
1783175116824 4.77085018157959 31
1783175116825 4.740848541259766 32
1783175116827 4.741018295288086 33
1783175116829 4.752137660980225 34
1783175116831 4.751987934112549 35
1783175116833 4.743555068969727 36
1783175116835 4.674398422241211 37
1783175116836 4.706982612609863 38
1783175116838 4.687714099884033 39
1783175116840 4.6680707931518555 40
1783175116842 4.659459114074707 41
1783175116844 4.666962146759033 42
1783175116845 4.6938676834106445 43
1783175116847 4.651885509490967 44
1783175116849 4.675959587097168 45
1783175116851 4.627417087554932 46
1783175116853 4.662334442138672 47
1783175116855 4.606165885925293 48
1783175116856 4.55074405670166 49
1783175116858 4.590334415435791 50
1783175116860 4.5501179695129395 51
1783175116862 4.404253005981445 52
1783175116864 4.577332019805908 53
1783175116866 4.596418380737305 54
1783175116868 4.385982513427734 55
1783175116869 4.539095878601074 56
1783175116871 4.469995975494385 57
1783175116873 4.432338237762451 58
1783175116875 4.397006988525391 59
1783175116877 4.409416675567627 60
1783175116878 4.377318859100342 61
1783175116881 4.450533390045166 62
1783175116882 4.379714488983154 63
1783175116884 4.497111797332764 64
1783175116886 4.321592330932617 65
1783175116888 4.454371929168701 66
1783175116890 4.288959980010986 67
1783175116892 4.346399307250977 68
1783175116893 4.2587385177612305 69
1783175116895 4.444055557250977 70
1783175116897 4.36016321182251 71
1783175116899 4.253947734832764 72
1783175116901 4.453135013580322 73
1783175116903 4.4330949783325195 74
1783175116904 4.089755058288574 75
1783175116906 4.266986846923828 76
1783175116908 4.097198963165283 77
1783175116910 4.197086811065674 78
1783175116912 4.222038269042969 79
1783175116914 4.200213432312012 80
1783175116916 4.292182922363281 81
1783175116917 4.13683557510376 82
1783175116919 4.245964050292969 83
1783175116921 4.232827663421631 84
1783175116923 4.275118350982666 85
1783175116925 4.16070032119751 86
1783175116927 4.019283771514893 87
1783175116928 4.116095066070557 88
1783175116931 4.1674089431762695 89
1783175116932 4.162682056427002 90
1783175116934 4.2488789558410645 91
1783175116936 4.131039619445801 92
1783175116938 4.196906089782715 93
1783175116940 4.08070707321167 94
1783175116942 4.100771427154541 95
1783175116943 4.1570234298706055 96
1783175116945 4.08990478515625 97
1783175116947 3.942654609680176 98
1783175116949 3.918487787246704 99
1783175116951 4.058357238769531 100
1783175116953 3.9912638664245605 101
1783175116955 4.059093475341797 102
1783175116956 4.012343883514404 103
1783175116958 3.932873010635376 104
1783175116960 4.169150352478027 105
1783175116962 3.932119131088257 106
1783175116964 3.992866039276123 107
1783175116966 3.9343347549438477 108
1783175116968 3.994480848312378 109
1783175116970 3.908374309539795 110
1783175116971 3.862250804901123 111
1783175116973 3.9415664672851562 112
1783175116975 3.8394203186035156 113
1783175116977 3.818256139755249 114
1783175116979 3.9519615173339844 115
1783175116981 3.818608283996582 116
1783175116982 4.101430892944336 117
1783175116984 3.9330809116363525 118
1783175116986 3.8470587730407715 119
1783175116988 3.791592836380005 120
1783175116990 4.033054828643799 121
1783175116992 3.884167432785034 122
1783175116993 3.805281162261963 123
1783175117079 3.880462646484375 124
1783175117081 3.8631911277770996 125
1783175117083 3.7481281757354736 126
1783175117085 3.8016607761383057 127
1783175117086 3.734133005142212 128
1783175117088 3.7368035316467285 129
1783175117090 3.7329797744750977 130
1783175117092 3.9034273624420166 131
1783175117094 3.9436705112457275 132
1783175117096 3.9189651012420654 133
1783175117098 3.7737603187561035 134
1783175117100 3.6082890033721924 135
1783175117101 3.5655269622802734 136
1783175117103 3.6716272830963135 137
1783175117105 3.712346315383911 138
1783175117107 3.716662883758545 139
1783175117109 3.733431816101074 140
1783175117111 3.8137259483337402 141
1783175117112 3.6043760776519775 142
1783175117114 3.6692962646484375 143
1783175117116 3.9242324829101562 144
1783175117118 3.8107101917266846 145
1783175117120 3.6596755981445312 146
1783175117122 3.729301929473877 147
1783175117123 3.662651777267456 148
1783175117125 3.682800769805908 149
1783175117127 3.5156283378601074 150
1783175117129 3.6464083194732666 151
1783175117131 3.8922982215881348 152
1783175117133 3.574148654937744 153
1783175117135 3.741757392883301 154
1783175117136 3.8863749504089355 155
1783175117138 3.507573366165161 156
1783175117140 3.721205949783325 157
1783175117142 3.4577231407165527 158
1783175117144 3.745337724685669 159
1783175117146 3.5421769618988037 160
1783175117148 3.6094720363616943 161
1783175117150 3.668987989425659 162
1783175117152 3.790454864501953 163
1783175117154 3.552293539047241 164
1783175117156 3.5514700412750244 165
1783175117157 3.7168142795562744 166
1783175117159 3.5558829307556152 167
1783175117161 3.460965156555176 168
1783175117163 3.6998796463012695 169
1783175117165 3.694720506668091 170
1783175117167 3.547410249710083 171
1783175117168 3.586358070373535 172
1783175117170 3.689058303833008 173
1783175117172 3.563805103302002 174
1783175117174 3.7796688079833984 175
1783175117176 3.817774772644043 176
1783175117178 3.3831100463867188 177
1783175117180 3.708064317703247 178
1783175117181 3.612368106842041 179
1783175117183 3.526254653930664 180
1783175117185 3.4703056812286377 181
1783175117187 3.5005154609680176 182
1783175117189 3.513502359390259 183
1783175117191 3.3917927742004395 184
1783175117193 3.5161213874816895 185
1783175117195 3.4036357402801514 186
1783175117198 3.5450754165649414 187
1783175117200 3.48574161529541 188
1783175117202 3.5088701248168945 189
1783175117204 3.6240627765655518 190
1783175117207 3.539395570755005 191
1783175117209 3.532905340194702 192
1783175117211 3.640315294265747 193
1783175117213 3.635136842727661 194
1783175117215 3.697042942047119 195
1783175117217 3.415602684020996 196
1783175117219 3.4823107719421387 197
1783175117222 3.453608274459839 198
1783175117224 3.4279160499572754 199
1783175117226 3.535355567932129 200
1783175117228 3.4198169708251953 201
1783175117230 3.647629737854004 202
1783175117232 3.54156494140625 203
1783175117234 3.4012885093688965 204
1783175117236 3.582759141921997 205
1783175117239 3.484537124633789 206
1783175117241 3.2771880626678467 207
1783175117243 3.451636791229248 208
1783175117245 3.609907627105713 209
1783175117247 3.542691946029663 210
1783175117249 3.3032639026641846 211
1783175117251 3.4860916137695312 212
1783175117253 3.3137145042419434 213
1783175117255 3.568864107131958 214
1783175117257 3.520902633666992 215
1783175117259 3.540431261062622 216
1783175117261 3.376472234725952 217
1783175117263 3.526878595352173 218
1783175117265 3.5489275455474854 219
1783175117267 3.389908790588379 220
1783175117269 3.4634933471679688 221
1783175117271 3.220421552658081 222
1783175117273 3.2459263801574707 223
1783175117274 3.4445598125457764 224
1783175117276 3.5112621784210205 225
1783175117278 3.5054378509521484 226
1783175117280 3.446570634841919 227
1783175117282 3.3208487033843994 228
1783175117284 3.5189099311828613 229
1783175117285 3.3537607192993164 230
1783175117287 3.335399866104126 231
1783175117289 3.335244655609131 232
1783175117292 3.2939224243164062 233
1783175117294 3.401099443435669 234
1783175117296 3.6600208282470703 235
1783175117298 3.2882485389709473 236
1783175117301 3.3236653804779053 237
1783175117303 3.32576322555542 238
1783175117305 3.5261282920837402 239
1783175117308 3.5164310932159424 240
1783175117310 3.4299278259277344 241
1783175117312 3.4258227348327637 242
1783175117314 3.636709690093994 243
1783175117317 3.2391200065612793 244
1783175117319 3.221752882003784 245
1783175117321 3.5251009464263916 246
1783175117323 3.2907001972198486 247
1783175117437 3.211820125579834 248
1783175117440 3.3907015323638916 249
1783175117442 3.427990436553955 250
1783175117444 3.220235586166382 251
1783175117446 3.503384828567505 252
1783175117449 3.4464328289031982 253
1783175117451 3.216555118560791 254
1783175117453 3.205399990081787 255
1783175117455 3.2921037673950195 256
1783175117458 3.5046005249023438 257
1783175117460 3.328709602355957 258
1783175117462 3.374143123626709 259
1783175117464 3.226262092590332 260
1783175117466 3.510669469833374 261
1783175117468 3.1853291988372803 262
1783175117469 3.008866548538208 263
1783175117471 3.268019199371338 264
1783175117473 3.4214582443237305 265
1783175117475 3.358203411102295 266
1783175117477 3.351686477661133 267
1783175117479 3.4703173637390137 268
1783175117481 3.140806198120117 269
1783175117483 3.3733038902282715 270
1783175117485 3.3244357109069824 271
1783175117486 3.6000304222106934 272
1783175117488 3.366351842880249 273
1783175117490 3.3115901947021484 274
1783175117495 3.226069211959839 275
1783175117497 3.1968772411346436 276
1783175117500 3.237017869949341 277
1783175117502 3.0962560176849365 278
1783175117504 3.4277005195617676 279
1783175117507 3.149343967437744 280
1783175117509 3.3183579444885254 281
1783175117511 3.229477643966675 282
1783175117514 3.3404746055603027 283
1783175117518 3.333573579788208 284
1783175117522 3.4225878715515137 285
1783175117525 3.366694450378418 286
1783175117529 3.306382894515991 287
1783175117532 3.3738322257995605 288
1783175117536 3.1061134338378906 289
1783175117538 3.3693315982818604 290
1783175117541 3.2759344577789307 291
1783175117544 3.1785688400268555 292
1783175117548 3.3830406665802 293
1783175117552 3.4938275814056396 294
1783175117556 3.3143224716186523 295
1783175117559 3.315721035003662 296
1783175117563 3.034420967102051 297
1783175117567 3.4075143337249756 298
1783175117571 3.0072975158691406 299
1783175117573 3.2024123668670654 300
1783175117577 3.256657361984253 301
1783175117581 3.2812516689300537 302
1783175117584 3.192913055419922 303
1783175117588 3.099151134490967 304
1783175117591 3.297672748565674 305
1783175117595 3.3482065200805664 306
1783175117599 3.150623321533203 307
1783175117602 3.3886287212371826 308
1783175117605 3.50266432762146 309
1783175117607 3.3334171772003174 310
1783175117609 3.092817544937134 311
1783175117611 3.085099458694458 312
1783175117614 3.45942759513855 313
1783175117616 3.4440150260925293 314
1783175117618 3.3868932723999023 315
1783175117621 3.202651023864746 316
1783175117623 3.122708559036255 317
1783175117625 3.15773344039917 318
1783175117627 3.2260923385620117 319
1783175117629 3.2403767108917236 320
1783175117631 3.0444393157958984 321
1783175117633 3.2308664321899414 322
1783175117635 3.3033607006073 323
1783175117637 3.2494258880615234 324
1783175117639 3.2666985988616943 325
1783175117641 2.999284267425537 326
1783175117643 3.274174213409424 327
1783175117645 3.2600789070129395 328
1783175117646 3.1837427616119385 329
1783175117649 3.216279983520508 330
1783175117651 3.216686248779297 331
1783175117653 3.2000622749328613 332
1783175117655 3.2430663108825684 333
1783175117658 3.332298755645752 334
1783175117660 3.3191566467285156 335
1783175117662 3.2082016468048096 336
1783175117665 3.099804401397705 337
1783175117668 3.492856979370117 338
1783175117671 3.245156764984131 339
1783175117675 3.3104407787323 340
1783175117679 3.0929996967315674 341
1783175117682 3.0759010314941406 342
1783175117686 3.1592254638671875 343
1783175117689 3.0551819801330566 344
1783175117693 3.1731934547424316 345
1783175117697 3.0741307735443115 346
1783175117700 2.9924426078796387 347
1783175117704 3.180842161178589 348
1783175117707 3.395451307296753 349
1783175117711 3.071280002593994 350
1783175117715 3.3246588706970215 351
1783175117718 3.1965370178222656 352
1783175117722 3.217318058013916 353
1783175117725 3.2886462211608887 354
1783175117729 3.119000196456909 355
1783175117733 3.2244362831115723 356
1783175117736 2.9647226333618164 357
1783175117740 3.2728896141052246 358
1783175117743 3.233898878097534 359
1783175117747 3.2280068397521973 360
1783175117751 3.362771511077881 361
1783175117754 3.3313636779785156 362
1783175117758 3.2464656829833984 363
1783175117761 3.024916410446167 364
1783175117765 3.293227195739746 365
1783175117769 3.1195170879364014 366
1783175117773 3.0823819637298584 367
1783175117776 3.176466226577759 368
1783175117779 3.220285654067993 369
1783175117781 3.0814552307128906 370
1783175117783 3.0599446296691895 371
