1783092875198 1.0719352150052537 0
1783092881303 1.1894484263347105 1
1783092887465 1.106320756782869 2
1783092893506 0.9450920794054335 3
1783092899736 0.7990976600576957 4
1783092905930 0.48678633032628355 5
1783092912127 0.32461459928003794 6
1783092918485 0.39078683431937555 7
1783092924791 0.3926716625903002 8
1783092931113 0.28430384945858644 9
1783092937384 0.2893128450233286 10
1783092943847 0.3560431831286497 11
1783092950168 0.35951451177592486 12
1783092956540 0.43834196916425866 13
1783092962863 0.47500114392065745 14
1783092969332 0.42562750846552055 15
1783092975734 0.4510709060309869 16
1783092982137 0.4437301993449924 17
1783092988557 0.420670649948689 18
1783092995034 0.4274031734853502 19
1783093001529 0.4781291708060608 20
1783093007926 0.5316365668403941 21
1783093014473 0.6136248309175291 22
1783093020954 0.6096762886867778 23
1783093027440 0.651182821707305 24
1783093033846 0.7748625206826463 25
1783093040376 0.8421502381695952 26
1783093046964 0.8686740839783041 27
1783093053512 0.8909172296683415 28
1783093060169 0.8921226601368034 29
1783093066833 0.9022920775342662 30
1783093073206 0.8788034685554067 31
1783093079832 0.869868516467428 32
1783093086362 0.8602033373166862 33
1783093092926 0.856027114725697 34
1783093099457 0.8567924008970107 35
1783093106208 0.8628236751199686 36
1783093112628 0.8913527834536589 37
1783093119257 0.9028679949782143 38
1783093125854 0.9040952706444045 39
1783093132411 0.9078103794262589 40
1783093138842 0.8996359397945858 41
1783093145497 0.8877564012082599 42
1783093152065 0.8683463130113228 43
1783093158840 0.854362613163525 44
1783093165405 0.847607367312119 45
1783093171983 0.8554870142026081 46
1783093178163 0.8812240259657645 47
1783093184624 0.8841342001645559 48
1783093190724 0.8730166618606153 49
1783093196944 0.8595465041819983 50
1783093203172 0.8498186946078975 51
1783093209213 0.8320241186802269 52
1783093215280 0.8154656633154679 53
1783093221321 0.8019047838688318 54
1783093228219 0.8018979119685482 55
1783093234672 0.7929437986093859 56
1783093241099 0.7932037385364303 57
1783093247667 0.7736114954916753 58
1783093254020 0.7646268901901105 59
1783093260568 0.7477949426977294 60
1783093267062 0.7242902148926706 61
1783093273585 0.7109038830363719 62
1783093280068 0.6983218994493572 63
1783093286635 0.7008075110992744 64
1783093293178 0.7162494605913128 65
1783093299955 0.7243814578355611 66
1783093306499 0.7333733513157396 67
1783093313051 0.7295343476004384 68
1783093319753 0.7168031555216837 69
1783093326388 0.7058276220396961 70
1783093332890 0.6958927741098587 71
1783093339557 0.6829766007017692 72
1783093346038 0.6777776490462811 73
1783093352616 0.6662954524835766 74
1783093359139 0.6641390772034147 75
1783093365769 0.6671690644034751 76
1783093372328 0.6692627423720348 77
1783093378952 0.6626457710269184 78
1783093385542 0.6558230952105865 79
1783093392111 0.6416381275572639 80
1783093398830 0.6345783801822764 81
1783093405423 0.6168275844068966 82
1783093412131 0.6081619149082604 83
1783093418709 0.6005005018051592 84
1783093425394 0.592519069201447 85
1783093432107 0.5930483140139151 86
1783093438818 0.5987874324764195 87
1783093445400 0.5984660683726294 88
1783093452004 0.5939130783971853 89
1783093458551 0.589719379749793 90
1783093465103 0.5817636690947897 91
1783093471807 0.573563145083817 92
1783093479600 0.5725227135034322 93
1783093486161 0.5662647346361849 94
1783093492642 0.5597938483594755 95
1783093499267 0.5550149805394972 96
1783093505891 0.5534242458002004 97
1783093512569 0.555262016379009 98
1783093519258 0.5552923085472523 99
