1782828845146 0.30329782622642487 0
1782828848471 0.16097959736152068 1
1782828851785 0.1250261285022063 2
1782828855091 0.10661596229606257 3
1782828858470 0.09576886425681248 4
1782828861766 0.08211066212084124 5
1782828865076 0.08019465353116309 6
1782828868407 0.073477391206349 7
1782828872204 0.0692687929135623 8
1782828875515 0.06177401320823061 9
1782828878812 0.05847799251818265 10
1782828882093 0.056263770343805364 11
1782828885563 0.058095428658163896 12
1782828888875 0.05220847435627267 13
1782828892229 0.05006039796308449 14
1782828895562 0.052369091543155666 15
1782828898822 0.052936775861036324 16
1782828902150 0.047985309117941945 17
1782828905682 0.013196655146318166 18
1782828909139 0.007177315004379216 19
1782828912444 0.005155785725136214 20
1782828915807 0.0041893897492983456 21
1782828919141 0.003158759347626279 22
1782828922503 0.0022348512887062394 23
1782828925918 0.0022127625779929682 24
1782828929245 0.001506623444464097 25
1782828932609 0.0018238387698478163 26
1782828935934 0.0008615401655176711 27
1782828939247 0.000994360605864296 28
1782828942563 0.0008589294226674964 29
1782828945886 0.0002880400770593205 30
1782828949176 0.00018148584886100124 31
1782828952482 0.00013916363562378249 32
1782828955793 0.00011845712480245743 33
1782828959072 9.500277731759213e-05 34
1782828962406 8.04473930201939e-05 35
1782828965793 7.10837855203492e-05 36
1782828969173 5.791134828636851e-05 37
1782828972459 4.9903284085948437e-05 38
1782828975779 4.39560281358578e-05 39
1782828979139 3.872576905412401e-05 40
1782828982462 2.844367222244202e-05 41
1782828985746 2.767292252203098e-05 42
1782828989050 2.673757882114338e-05 43
1782828992347 2.588662263500476e-05 44
1782828995643 2.525759650733613e-05 45
1782828998943 2.4737308796020103e-05 46
1782829002239 2.445848453691178e-05 47
1782829005600 2.372452673348971e-05 48
1782829008983 2.322830674851937e-05 49
1782829012296 2.2810456628669077e-05 50
1782829015669 2.247017774625562e-05 51
1782829018977 2.1531706699907514e-05 52
1782829022286 2.1486212635551918e-05 53
1782829025610 2.1427319434230796e-05 54
1782829029022 2.138799515904729e-05 55
1782829032437 2.133252386207927e-05 56
1782829035753 2.127866445104678e-05 57
1782829039097 2.1230501913970304e-05 58
1782829042437 2.11875098837834e-05 59
1782829045808 2.1141067188000768e-05 60
1782829049161 2.1094817193686308e-05 61
1782829052505 2.1051531787178836e-05 62
1782829055809 2.0960809469452597e-05 63
1782829059172 2.0956543552715845e-05 64
1782829062473 2.095235167972374e-05 65
1782829065818 2.09493337362245e-05 66
1782829069149 2.094551001127505e-05 67
1782829072502 2.0942472166407437e-05 68
1782829075867 2.093776295609142e-05 69
1782829079194 2.0934829920046524e-05 70
1782829082508 2.0930547494750512e-05 71
1782829085855 2.0926831676199306e-05 72
1782829089162 2.092428460772911e-05 73
1782829092474 2.0919363944817335e-05 74
1782829095806 2.0917020339162324e-05 75
1782829099122 2.09124499377166e-05 76
1782829102445 2.091014814017862e-05 77
1782829105808 2.0906857051489006e-05 78
1782829109173 2.0902945964324197e-05 79
1782829112499 2.089894001791218e-05 80
1782829115816 2.0895940987940395e-05 81
1782829119180 2.0891567150629358e-05 82
1782829122577 2.0887427694877698e-05 83
1782829125934 2.0885178890151747e-05 84
1782829129355 2.0882373882575742e-05 85
1782829132683 2.0877327154477828e-05 86
1782829136082 2.0873968330729526e-05 87
1782829139452 2.0871280518106167e-05 88
1782829142840 2.0867481003032304e-05 89
1782829146200 2.0863544994250727e-05 90
1782829149523 2.0861206145939863e-05 91
1782829152880 2.0856806545542584e-05 92
1782829156330 2.0853538483798182e-05 93
1782829159680 2.0850571911234772e-05 94
1782829162995 2.0846598078568847e-05 95
1782829166387 2.0842980048074523e-05 96
1782829169832 2.0839507429996057e-05 97
1782829173202 2.0836893651008454e-05 98
1782829176559 2.0832846730626142e-05 99
