1783100106559 0.6724419593811035 0
1783100111038 0.8836629390716553 1
1783100115498 0.9728855490684509 2
1783100119960 0.996698260307312 3
1783100124428 0.998866081237793 4
1783100128882 0.9991412162780762 5
1783100133470 0.9986993074417114 6
1783100138180 0.9910619258880615 7
1783100142677 0.9999749660491943 8
1783100146870 1.0 9
1783100151021 1.0 10
1783100155318 1.0 11
1783100159561 1.0 12
1783100163681 1.0 13
1783100167785 1.0 14
1783100171944 1.0 15
1783100175847 0.9999916553497314 16
1783100179967 0.9999916553497314 17
1783100184238 1.0 18
1783100188639 1.0 19
1783100192971 1.0 20
1783100197232 1.0 21
1783100201805 1.0 22
1783100206215 1.0 23
1783100210490 1.0 24
1783100214701 1.0 25
1783100218798 1.0 26
1783100222942 1.0 27
1783100227109 1.0 28
1783100231395 1.0 29
