1783180530414 0.914783333333181 0
1783180537467 0.9577499999998405 1
1783180545249 0.9650333333331725 2
1783180552626 0.9710666666665049 3
1783180559596 0.9750666666665042 4
1783180566927 0.9766499999998373 5
1783180574665 0.978249999999837 6
1783180581852 0.97988333333317 7
1783180590154 0.9814999999998365 8
1783180598769 0.9830999999998362 9
1783180606068 0.9829833333331696 10
1783180615276 0.9842333333331693 11
1783180624852 0.9862166666665023 12
1783180634371 0.9854166666665025 13
1783180643268 0.986533333333169 14
1783180652176 0.9865499999998356 15
1783180662010 0.9873166666665022 16
1783180670986 0.9960333333331673 17
1783180680871 0.9982666666665003 18
1783180690206 0.9988499999998336 19
1783180699874 0.9992833333331669 20
1783180710083 0.9994166666665002 21
1783180720341 0.9996999999998334 22
1783180730538 0.9997333333331667 23
1783180741576 0.9997166666665 24
1783180752280 0.9998166666665 25
1783180764243 0.9998333333331667 26
1783180776148 0.9998666666665 27
1783180788127 0.9998499999998334 28
1783180801312 0.9999499999998334 29
1783180816142 0.9999833333331667 30
1783180830769 0.9999999999998334 31
1783180845618 0.9999999999998334 32
1783180860569 0.9999999999998334 33
1783180875898 0.9999999999998334 34
1783180891247 0.9999999999998334 35
1783180907039 0.9999999999998334 36
1783180923367 0.9999999999998334 37
1783180939749 0.9999999999998334 38
1783180956544 0.9999999999998334 39
1783180972966 0.9999999999998334 40
1783180989276 0.9999999999998334 41
1783181006053 0.9999999999998334 42
1783181022540 0.9999999999998334 43
1783181039167 0.9999999999998334 44
1783181055906 0.9999999999998334 45
1783181072625 0.9999999999998334 46
1783181089062 0.9999999999998334 47
1783181106379 0.9999999999998334 48
1783181122896 0.9999999999998334 49
1783181140179 0.9999999999998334 50
1783181157370 0.9999999999998334 51
1783181174659 0.9999999999998334 52
1783181191578 0.9999999999998334 53
1783181207891 0.9999999999998334 54
1783181223833 0.9999999999998334 55
1783181240813 0.9999999999998334 56
1783181257434 0.9999999999998334 57
1783181274143 0.9999999999998334 58
1783181290907 0.9999999999998334 59
1783181307964 0.9999999999998334 60
1783181323216 0.9999999999998334 61
1783181336287 0.9999999999998334 62
1783181349114 0.9999999999998334 63
1783181362447 0.9999999999998334 64
1783181375627 0.9999999999998334 65
1783181389146 0.9999999999998334 66
1783181403457 0.9999999999998334 67
1783181417117 0.9999999999998334 68
1783181430925 0.9999999999998334 69
1783181445603 0.9999999999998334 70
1783181460154 0.9999999999998334 71
1783181473836 0.9999999999998334 72
1783181487073 0.9999999999998334 73
1783181500909 0.9999999999998334 74
1783181514811 0.9999999999998334 75
1783181529272 0.9999999999998334 76
1783181542841 0.9999999999998334 77
1783181557176 0.9999999999998334 78
1783181570460 0.9999999999998334 79
1783181584268 0.9999999999998334 80
1783181597741 0.9999999999998334 81
1783181611684 0.9999999999998334 82
1783181626896 0.9999999999998334 83
1783181643098 0.9999999999998334 84
1783181659406 0.9999999999998334 85
1783181676643 0.9999999999998334 86
1783181693455 0.9999999999998334 87
1783181709413 0.9999999999998334 88
1783181725657 0.9999999999998334 89
1783181743017 0.9999999999998334 90
1783181759403 0.9999999999998334 91
1783181776180 0.9999999999998334 92
1783181793792 0.9999999999998334 93
1783181809971 0.9999999999998334 94
1783181826795 0.9999999999998334 95
1783181843854 0.9999999999998334 96
1783181860325 0.9999999999998334 97
1783181876922 0.9999999999998334 98
1783181893416 0.9999999999998334 99
