1783100269442 0.5072455406188965 0
1783100273631 0.5109975337982178 1
1783100277468 0.7772478461265564 2
1783100281368 0.976520836353302 3
1783100285864 0.9689251184463501 4
1783100290042 0.9394844174385071 5
1783100294380 0.9485642313957214 6
1783100298545 0.9750866889953613 7
1783100302918 0.989861249923706 8
1783100307350 0.9879769086837769 9
1783100311730 0.9800477027893066 10
1783100316250 0.9834995269775391 11
1783100320196 0.9768959879875183 12
1783100324001 0.9769126772880554 13
1783100328066 0.9732273817062378 14
1783100332055 0.9755202531814575 15
1783100335944 0.9760705828666687 16
1783100339807 0.9741945862770081 17
1783100343748 0.9708844423294067 18
1783100347733 0.9610792398452759 19
