1782836255580 0.912849999999848 0
1782836258864 0.9569666666665072 1
1782836262270 0.9666666666665056 2
1782836265634 0.9714499999998382 3
1782836269030 0.9743499999998376 4
1782836272395 0.9780833333331703 5
1782836275678 0.9789833333331702 6
1782836279046 0.9808166666665032 7
1782836282365 0.9816666666665032 8
1782836285697 0.9830999999998362 9
1782836289039 0.9845999999998359 10
1782836292757 0.9847666666665026 11
1782836296262 0.9851333333331692 12
1782836299632 0.986483333333169 13
1782836303064 0.9870333333331689 14
1782836306412 0.9870999999998356 15
1782836309742 0.996499999999834 16
1782836313298 0.9984499999998336 17
1782836316835 0.9988999999998336 18
1782836320343 0.9990666666665002 19
1782836323862 0.9991999999998336 20
1782836327369 0.9993999999998335 21
1782836330786 0.9995999999998334 22
1782836334520 0.9995333333331667 23
1782836338334 0.9996999999998334 24
1782836342195 0.9997499999998334 25
1782836346016 0.9997333333331667 26
1782836349636 0.9997666666665 27
1782836353193 0.9998499999998334 28
1782836356861 0.9998333333331667 29
1782836360587 0.9998666666665 30
1782836364458 0.9999999999998334 31
1782836368504 0.9999999999998334 32
1782836373576 0.9999999999998334 33
1782836379675 0.9999999999998334 34
1782836384910 0.9999999999998334 35
1782836390470 0.9999833333331667 36
1782836394374 0.9999999999998334 37
1782836398610 0.9999999999998334 38
1782836402306 0.9999999999998334 39
1782836405924 0.9999999999998334 40
1782836409560 0.9999999999998334 41
1782836413693 0.9999999999998334 42
1782836417428 0.9999999999998334 43
1782836421664 0.9999999999998334 44
1782836425504 0.9999999999998334 45
1782836429689 0.9999999999998334 46
1782836433591 0.9999999999998334 47
1782836437325 0.9999999999998334 48
1782836441844 0.9999999999998334 49
1782836445608 0.9999999999998334 50
1782836449514 0.9999999999998334 51
1782836453796 0.9999999999998334 52
1782836457810 0.9999999999998334 53
1782836461702 0.9999999999998334 54
1782836465392 0.9999999999998334 55
1782836469083 0.9999999999998334 56
1782836472896 0.9999999999998334 57
1782836476740 0.9999999999998334 58
1782836480711 0.9999999999998334 59
1782836484460 0.9999999999998334 60
1782836488231 0.9999999999998334 61
1782836492100 0.9999999999998334 62
1782836496039 0.9999999999998334 63
1782836499795 0.9999999999998334 64
1782836503593 0.9999999999998334 65
1782836507511 0.9999999999998334 66
1782836511371 0.9999999999998334 67
1782836515409 0.9999999999998334 68
1782836519253 0.9999999999998334 69
1782836523042 0.9999999999998334 70
1782836527023 0.9999999999998334 71
1782836530897 0.9999999999998334 72
1782836534714 0.9999999999998334 73
1782836538438 0.9999999999998334 74
1782836542217 0.9999999999998334 75
1782836546346 0.9999999999998334 76
1782836550572 0.9999999999998334 77
1782836554298 0.9999999999998334 78
1782836558314 0.9999999999998334 79
1782836562333 0.9999999999998334 80
1782836566475 0.9999999999998334 81
1782836570205 0.9999999999998334 82
1782836574015 0.9999999999998334 83
1782836577841 0.9999999999998334 84
1782836581743 0.9999999999998334 85
1782836585795 0.9999999999998334 86
1782836589695 0.9999999999998334 87
1782836593709 0.9999999999998334 88
1782836597504 0.9999999999998334 89
1782836601441 0.9999999999998334 90
1782836605329 0.9999999999998334 91
1782836609131 0.9999999999998334 92
1782836613137 0.9999999999998334 93
1782836617091 0.9999999999998334 94
1782836622004 0.9999999999998334 95
1782836626363 0.9999999999998334 96
1782836630758 0.9999999999998334 97
1782836635323 0.9999999999998334 98
1782836639210 0.9999999999998334 99
