1782831187932 0.27032721482669186 0
1782831193103 0.14081349720674904 1
1782831198680 0.11090630536678392 2
1782831205290 0.09188424686552692 3
1782831211079 0.0830411806558797 4
1782831216321 0.07429869922983105 5
1782831221696 0.07215562680061686 6
1782831226965 0.06196046931666533 7
1782831231849 0.05850763336692117 8
1782831237074 0.05734067705715111 9
1782831242388 0.05626676361841496 10
1782831247673 0.049614389459605196 11
1782831252645 0.051416482428186125 12
1782831258130 0.043983411048574346 13
1782831263485 0.05177185245967086 14
1782831268597 0.04571679258743308 15
1782831273874 0.042881200031446146 16
1782831279343 0.011832345549201772 17
1782831285125 0.005731915837422931 18
1782831291197 0.003888769875338263 19
1782831297352 0.0028745711231421447 20
1782831303140 0.0019291024373026746 21
1782831309262 0.0014424647792219765 22
1782831315869 0.001109413311966888 23
1782831321702 0.0009778525754090594 24
1782831328033 0.0007407444871788104 25
1782831333172 0.00042155377642498607 26
1782831338452 0.00048658880177136527 27
1782831344492 0.0007463010602409448 28
1782831349880 0.0005508171846957271 29
1782831355303 0.00023012023804395748 30
1782831360917 0.0001035814382155934 31
1782831366239 6.780612713603646e-05 32
1782831371304 5.804098649112948e-05 33
1782831376339 4.49877355795941e-05 34
1782831381603 3.832952495695942e-05 35
1782831386795 3.4311748336898725e-05 36
1782831392610 2.7716271224886524e-05 37
1782831398779 2.710403260090091e-05 38
1782831405426 2.1547213319570892e-05 39
1782831410707 1.9527920571082018e-05 40
1782831415865 1.7478919100558798e-05 41
1782831421009 1.4131488793862059e-05 42
1782831426209 1.3486463921602932e-05 43
1782831431657 1.3204308801165058e-05 44
1782831437542 1.2883920157428573e-05 45
1782831443801 1.2651846626974388e-05 46
1782831449293 1.2444082755408034e-05 47
1782831454460 1.2266926567756963e-05 48
1782831460235 1.2094618468191634e-05 49
1782831465965 1.189156743028269e-05 50
1782831472108 1.1682628542485421e-05 51
1782831477986 1.1660754057066078e-05 52
1782831483657 1.1186373703168946e-05 53
1782831489199 1.1169497728345114e-05 54
1782831494425 1.115570230845312e-05 55
1782831500044 1.11377474003726e-05 56
1782831506140 1.1111591574111133e-05 57
1782831511929 1.1098447260531114e-05 58
1782831517651 1.107258516064549e-05 59
1782831524102 1.1057274198116577e-05 60
1782831529804 1.1044339197865774e-05 61
1782831535306 1.1024725560506058e-05 62
1782831540624 1.1008033210023319e-05 63
1782831545857 1.0969966210900845e-05 64
1782831550904 1.0968499238282807e-05 65
1782831556187 1.0966997013194905e-05 66
1782831561536 1.0965435302461795e-05 67
1782831567011 1.096439038692862e-05 68
1782831572370 1.0962855669189305e-05 69
1782831577832 1.0961309869298852e-05 70
1782831583532 1.0960033940781292e-05 71
1782831589668 1.0958824826166409e-05 72
1782831596084 1.0957020803582834e-05 73
1782831602357 1.0956090021827998e-05 74
1782831608048 1.0954520305659877e-05 75
1782831613508 1.0952986879691992e-05 76
1782831619434 1.0952022167824511e-05 77
1782831625082 1.0950577552127407e-05 78
1782831631078 1.0949082534986576e-05 79
1782831636841 1.094800531073829e-05 80
1782831642863 1.094658475756371e-05 81
1782831648294 1.0946043578069606e-05 82
1782831653508 1.0943870526590532e-05 83
1782831658693 1.0942670496130588e-05 84
1782831664765 1.0941392326002634e-05 85
1782831670540 1.0940210375443762e-05 86
1782831675786 1.0938611398113851e-05 87
1782831681053 1.0937563263659368e-05 88
1782831686279 1.0936021678944088e-05 89
1782831691388 1.0935090730106904e-05 90
1782831696509 1.0933467725510299e-05 91
1782831701591 1.0932087160357026e-05 92
1782831706706 1.0930937864462077e-05 93
1782831712144 1.0930384526694176e-05 94
1782831717396 1.092809720531075e-05 95
1782831722649 1.0926929316043032e-05 96
1782831728050 1.0926019330771664e-05 97
1782831733352 1.0924512086870191e-05 98
1782831738626 1.0923187215760547e-05 99
