1782836644511 0.2710223154803564 0
1782836648464 0.13967206961835438 1
1782836652416 0.11051014951268877 2
1782836656405 0.0921677361099101 3
1782836660386 0.08055732635889545 4
1782836664310 0.0757090236938867 5
1782836668597 0.06823475712265051 6
1782836672838 0.06408515764634619 7
1782836676849 0.05955481656040511 8
1782836680815 0.054196365750941965 9
1782836685020 0.050823652909006437 10
1782836689122 0.053446669337412996 11
1782836693266 0.047345416209354244 12
1782836697532 0.045609855623910525 13
1782836701725 0.04703255867191856 14
1782836705926 0.042904517720570835 15
1782836710306 0.04435435691308322 16
1782836714817 0.03802810941688752 17
1782836719374 0.041773944605068426 18
1782836724135 0.03918300234295593 19
1782836728789 0.04222678836834483 20
1782836733303 0.03437882519093337 21
1782836737424 0.035979465793044965 22
1782836742081 0.03679658305946282 23
1782836746104 0.038051208099317925 24
1782836750111 0.0384907384389132 25
1782836754419 0.03354418520346199 26
1782836759128 0.035280404329942575 27
1782836763399 0.03540195105722879 28
1782836767699 0.005720309082829306 29
1782836771926 0.002194409167496602 30
1782836776211 0.001535103902548906 31
1782836780562 0.0008954319810697622 32
1782836784824 0.0008884277800069275 33
1782836789405 0.0004915339229076377 34
1782836793530 0.0004683283072077938 35
1782836797724 0.000331101868354314 36
1782836801783 0.0002735162608482021 37
1782836806169 0.0005149908307220659 38
1782836810642 0.00015839940479681964 39
1782836815102 0.00020717904967248676 40
1782836819248 0.00023822256983932697 41
1782836823309 4.449797412004972e-05 42
1782836827467 3.296394521469417e-05 43
1782836831865 2.5071115202176948e-05 44
1782836836457 1.950780639189506e-05 45
1782836840871 1.5431502713975935e-05 46
1782836845184 1.3228066977365704e-05 47
1782836849624 1.0573353979689275e-05 48
1782836854185 8.985389317174056e-06 49
1782836858590 7.1747992042557815e-06 50
1782836863010 6.318009855920136e-06 51
1782836867517 5.70984112705764e-06 52
1782836871970 4.224663691517556e-06 53
1782836876376 4.070671434952387e-06 54
1782836880986 3.984839480522896e-06 55
1782836885324 3.904112570925991e-06 56
1782836889405 3.790229252257559e-06 57
1782836893534 3.740435818522242e-06 58
1782836897641 3.6562706414307583e-06 59
1782836901818 3.592960633412449e-06 60
1782836905825 3.530051814071084e-06 61
1782836909983 3.4607083746159787e-06 62
1782836914107 3.4050531757327524e-06 63
1782836918279 3.2852511769346467e-06 64
1782836922403 3.2793677397140084e-06 65
1782836926806 3.2728030715513757e-06 66
1782836931288 3.2664366751231805e-06 67
1782836935617 3.2617573444761546e-06 68
1782836940285 3.2551495640579495e-06 69
1782836944506 3.2494898335390656e-06 70
1782836948978 3.2441810836099564e-06 71
1782836953280 3.2380346744120883e-06 72
1782836957983 3.2315626759122137e-06 73
1782836962251 3.2262707849126456e-06 74
1782836966864 3.214386088098948e-06 75
1782836971394 3.2139012403930255e-06 76
1782836975856 3.2134756892737073e-06 77
1782836980391 3.2130702181997485e-06 78
1782836985280 3.212606972320169e-06 79
1782836990162 3.212210436683726e-06 80
1782836994473 3.2117103271093536e-06 81
1782836999333 3.2113628246035327e-06 82
1782837003746 3.2108432070871135e-06 83
1782837007924 3.210370372301983e-06 84
1782837012127 3.209979260547328e-06 85
1782837016358 3.209559299497572e-06 86
1782837020537 3.2091070048698684e-06 87
1782837024651 3.2086746167882647e-06 88
1782837028807 3.2082589669417552e-06 89
1782837033050 3.2078643083170435e-06 90
1782837037398 3.2073367444038984e-06 91
1782837041746 3.206882201498068e-06 92
1782837046082 3.2065054450384395e-06 93
1782837050356 3.206152528894725e-06 94
1782837054563 3.205639166454289e-06 95
1782837058743 3.2052025556453916e-06 96
1782837062930 3.2048312434925765e-06 97
1782837067138 3.204396203298369e-06 98
1782837071546 3.2039153441291184e-06 99
