1783272898044 0.944333333333176 0
1783272949259 0.9757666666665041 1
1783273001073 0.9812999999998365 2
1783273055173 0.9835166666665028 3
1783273107345 0.9852833333331692 4
1783273162840 0.986183333333169 5
1783273211729 0.9874499999998355 6
1783273262971 0.9889666666665019 7
1783273315275 0.990049999999835 8
1783273363472 0.9895666666665018 9
1783273414209 0.9912166666665015 10
1783273464067 0.9910833333331682 11
1783273514006 0.9917166666665014 12
1783273562898 0.9920499999998347 13
1783273614736 0.9931999999998345 14
1783273663478 0.9922999999998346 15
1783273709938 0.9926666666665013 16
1783273755619 0.9932166666665012 17
1783273802586 0.9925999999998346 18
1783273851452 0.9943833333331676 19
