1783097555175 0.5243380069732666 0
1783097559648 0.6128184795379639 1
1783097564275 0.760555624961853 2
1783097568587 0.850111722946167 3
1783097572783 0.8242812752723694 4
1783097577014 0.806138277053833 5
1783097581374 0.99870765209198 6
1783097586051 0.9999749660491943 7
1783097590753 1.0 8
1783097595482 1.0 9
1783097599789 1.0 10
1783097604257 1.0 11
1783097608731 1.0 12
1783097613462 0.8611259460449219 13
1783097618046 0.9999249577522278 14
1783097622557 0.9999833106994629 15
1783097627158 1.0 16
1783097631847 1.0 17
1783097636675 1.0 18
1783097641438 1.0 19
1783097645918 1.0 20
1783097650421 1.0 21
1783097654959 1.0 22
1783097659521 1.0 23
1783097664361 1.0 24
1783097669008 1.0 25
1783097673596 1.0 26
1783097678265 1.0 27
1783097683078 1.0 28
1783097687728 1.0 29
1783097692416 1.0 30
1783097697061 1.0 31
1783097701683 1.0 32
1783097706234 1.0 33
1783097710736 1.0 34
1783097715495 1.0 35
1783097720193 1.0 36
1783097725082 1.0 37
1783097729920 1.0 38
1783097734676 1.0 39
1783097739255 1.0 40
1783097743721 1.0 41
1783097748224 1.0 42
1783097752706 1.0 43
1783097757310 1.0 44
1783097761992 1.0 45
1783097766549 1.0 46
1783097771167 1.0 47
1783097775965 1.0 48
1783097780669 1.0 49
1783097785379 1.0 50
1783097790069 1.0 51
1783097794630 1.0 52
1783097799361 1.0 53
1783097804030 1.0 54
1783097808869 1.0 55
1783097813850 1.0 56
1783097820121 1.0 57
1783097826793 1.0 58
1783097832667 1.0 59
1783097840661 1.0 60
1783097846138 1.0 61
1783097850840 1.0 62
1783097855400 1.0 63
1783097860134 1.0 64
1783097864897 1.0 65
1783097869373 1.0 66
1783097873929 1.0 67
1783097878422 1.0 68
1783097883233 1.0 69
1783097887892 1.0 70
1783097892493 1.0 71
1783097897036 1.0 72
1783097901637 1.0 73
1783097906323 1.0 74
1783097911047 1.0 75
1783097915661 1.0 76
1783097920228 1.0 77
1783097924799 1.0 78
1783097929426 1.0 79
1783097934038 1.0 80
1783097938833 1.0 81
1783097943542 1.0 82
1783097948255 1.0 83
1783097952997 1.0 84
1783097957800 1.0 85
1783097962505 1.0 86
1783097967160 1.0 87
1783097971899 1.0 88
1783097976502 1.0 89
1783097981219 1.0 90
1783097985909 1.0 91
1783097990679 1.0 92
1783097995401 1.0 93
1783098000155 1.0 94
1783098004862 1.0 95
1783098009608 1.0 96
1783098014388 1.0 97
1783098019171 1.0 98
1783098023919 1.0 99
