1782828274857 0.912849999999848 0
1782828277567 0.9569666666665072 1
1782828280311 0.9666666666665056 2
1782828283072 0.9714499999998382 3
1782828285817 0.9743499999998376 4
1782828288537 0.9780833333331703 5
1782828291305 0.9789833333331702 6
1782828294004 0.9808166666665032 7
1782828296729 0.9816666666665032 8
1782828299425 0.9830999999998362 9
1782828302149 0.9845999999998359 10
1782828304870 0.9847666666665026 11
1782828307577 0.9851333333331692 12
1782828310301 0.986483333333169 13
1782828313010 0.9870333333331689 14
1782828315766 0.9870999999998356 15
1782828318454 0.996499999999834 16
1782828321145 0.9984499999998336 17
1782828323837 0.9988999999998336 18
1782828326561 0.9990666666665002 19
1782828329316 0.9991999999998336 20
1782828332010 0.9993999999998335 21
1782828334716 0.9995999999998334 22
1782828337468 0.9995333333331667 23
1782828340203 0.9996999999998334 24
1782828342958 0.9997499999998334 25
1782828345738 0.9997333333331667 26
1782828348470 0.9997666666665 27
1782828351173 0.9998499999998334 28
1782828353867 0.9998333333331667 29
1782828356687 0.9998666666665 30
1782828359371 0.9999999999998334 31
1782828362111 0.9999999999998334 32
1782828364840 0.9999999999998334 33
1782828367546 0.9999999999998334 34
1782828370290 0.9999999999998334 35
1782828373048 0.9999833333331667 36
1782828375784 0.9999999999998334 37
1782828378520 0.9999999999998334 38
1782828381295 0.9999999999998334 39
1782828384014 0.9999999999998334 40
1782828386748 0.9999999999998334 41
1782828389507 0.9999999999998334 42
1782828392238 0.9999999999998334 43
1782828395022 0.9999999999998334 44
1782828397752 0.9999999999998334 45
1782828400532 0.9999999999998334 46
1782828403255 0.9999999999998334 47
1782828405993 0.9999999999998334 48
1782828408771 0.9999999999998334 49
1782828411502 0.9999999999998334 50
1782828414549 0.9999999999998334 51
1782828417282 0.9999999999998334 52
1782828420016 0.9999999999998334 53
1782828422782 0.9999999999998334 54
1782828425562 0.9999999999998334 55
1782828428319 0.9999999999998334 56
1782828431047 0.9999999999998334 57
1782828433749 0.9999999999998334 58
1782828436503 0.9999999999998334 59
1782828439206 0.9999999999998334 60
1782828441947 0.9999999999998334 61
1782828444690 0.9999999999998334 62
1782828447389 0.9999999999998334 63
1782828450181 0.9999999999998334 64
1782828452921 0.9999999999998334 65
1782828455773 0.9999999999998334 66
1782828458566 0.9999999999998334 67
1782828461316 0.9999999999998334 68
1782828464093 0.9999999999998334 69
1782828466881 0.9999999999998334 70
1782828469590 0.9999999999998334 71
1782828472257 0.9999999999998334 72
1782828474938 0.9999999999998334 73
1782828477628 0.9999999999998334 74
1782828480566 0.9999999999998334 75
1782828483418 0.9999999999998334 76
1782828486161 0.9999999999998334 77
1782828488921 0.9999999999998334 78
1782828491699 0.9999999999998334 79
1782828494424 0.9999999999998334 80
1782828497128 0.9999999999998334 81
1782828499824 0.9999999999998334 82
1782828502510 0.9999999999998334 83
1782828505211 0.9999999999998334 84
1782828507877 0.9999999999998334 85
1782828510587 0.9999999999998334 86
1782828513316 0.9999999999998334 87
1782828516031 0.9999999999998334 88
1782828518735 0.9999999999998334 89
1782828521483 0.9999999999998334 90
1782828524161 0.9999999999998334 91
1782828526860 0.9999999999998334 92
1782828529594 0.9999999999998334 93
1782828532275 0.9999999999998334 94
1782828534939 0.9999999999998334 95
1782828537645 0.9999999999998334 96
1782828540418 0.9999999999998334 97
1782828543155 0.9999999999998334 98
1782828545845 0.9999999999998334 99
