1782838939858 0.27506182262216833 0
1782838943795 0.14106271959169972 1
1782838947736 0.10875905116906127 2
1782838951669 0.09110005779234845 3
1782838955562 0.07826415070838774 4
1782838959463 0.07092247664246447 5
1782838963435 0.06418391684759325 6
1782838967398 0.056279790705390624 7
1782838971285 0.0530061294246626 8
1782838975243 0.050232070368036064 9
1782838979249 0.049810096097681444 10
1782838983173 0.04649626987766352 11
1782838987151 0.04290418933597285 12
1782838991050 0.04180484240603202 13
1782838994982 0.03857038498181763 14
1782838998918 0.039413582526252634 15
1782839002831 0.03717718783289692 16
1782839006771 0.036800869200288376 17
1782839010732 0.0092319886646791 18
1782839014623 0.0037393087703856717 19
1782839018644 0.0026999514346388543 20
1782839022565 0.0017217306434822563 21
1782839026553 0.0012898260659675392 22
1782839030546 0.0009311649247976602 23
1782839034528 0.0006318830841909561 24
1782839038503 0.0006058522386167731 25
1782839042542 0.0004729664975191982 26
1782839046552 0.00032758649108205945 27
1782839050496 0.00014203688237841605 28
1782839054510 0.000338814930238224 29
1782839058452 0.00010807147426100342 30
1782839062436 5.79628692106035e-05 31
1782839066377 3.6454172520248e-05 32
1782839070381 3.071311030741624e-05 33
1782839074390 2.687956969825998e-05 34
1782839078411 2.3222440583168594e-05 35
1782839082362 2.0071832568851875e-05 36
1782839086358 1.866009666708683e-05 37
1782839090938 1.6120783483565167e-05 38
1782839094923 1.5003283763041409e-05 39
