1783176674794 3.491995434325616 0
1783176675165 2.1834596239913258 1
1783176675802 1.9753596982977992 2
1783176676402 1.9211537528795983 3
1783176677024 1.8951397959657486 4
1783176677653 1.8886269733228707 5
1783176677984 1.8800036867225303 6
1783176678333 1.8756181586583407 7
1783176678672 1.8713245198063522 8
1783176679003 1.8668825153798774 9
1783176679320 1.8659984900523277 10
1783176679645 1.8658432266822569 11
1783176679981 1.8618414064028737 12
1783176680335 1.8584709012163263 13
1783176680661 1.8631940934386022 14
1783176680984 1.858151041542452 15
1783176681308 1.8592459452191044 16
1783176681632 1.8558283965859892 17
1783176682011 1.8606404977882274 18
1783176682494 1.8567234045500203 19
1783176683086 1.8540238659655597 20
1783176683467 1.8539745411992816 21
1783176683836 1.8598177623787109 22
1783176684243 1.854550263424486 23
1783176684742 1.855899939464288 24
1783176685109 1.8564312254654507 25
1783176685465 1.8584052601592247 26
1783176685897 1.8564349459489227 27
1783176686275 1.8536494190120933 28
1783176686606 1.8532170315370837 29
1783176686938 1.854005784608159 30
1783176687295 1.8542385945824413 31
1783176687642 1.8523488745041563 32
1783176687967 1.8543702881609663 33
1783176688431 1.8510541385649888 34
1783176688850 1.8049287592678218 35
1783176689166 1.7891536584303407 36
1783176689485 1.783542551196761 37
1783176689821 1.782565077322594 38
1783176690144 1.7819334680519954 39
1783176690471 1.7806347530221067 40
1783176690821 1.7805981971089229 41
1783176691170 1.7801521111406338 42
1783176691502 1.7796713121963224 43
1783176692108 1.7795427593980306 44
1783176692621 1.7803734385685106 45
1783176692962 1.7792225940100108 46
1783176693595 1.779221404801211 47
1783176694235 1.7787514856273008 48
1783176694874 1.778466117815444 49
1783176695527 1.7783061956694286 50
1783176696242 1.7779826520439617 51
1783176696889 1.7779947066026838 52
1783176697306 1.7783155622509448 53
1783176697757 1.7777414503125146 54
1783176698383 1.7769268893916188 55
1783176698847 1.7771890383102418 56
1783176699174 1.778239661504021 57
1783176699505 1.7766403842846852 58
1783176699930 1.7766695261491519 59
1783176700260 1.7769654459058635 60
1783176700843 1.7764777155181843 61
1783176701194 1.777118702906682 62
1783176701522 1.7767798726125617 63
1783176701850 1.7760755495208038 64
1783176702232 1.7760092883831238 65
1783176702604 1.7758276518804725 66
1783176702932 1.776388359503386 67
1783176703411 1.7751805011794326 68
1783176703799 1.77536924505529 69
1783176704162 1.7756123522126392 70
1783176704490 1.7755229240954482 71
1783176704860 1.7752515287659638 72
1783176705220 1.7757525452212355 73
1783176705727 1.7754488682084164 74
1783176706128 1.775043348969085 75
1783176706600 1.7751179470661111 76
1783176707104 1.7747677515121445 77
1783176707475 1.774488970013535 78
1783176707865 1.7742685856849565 79
1783176708213 1.774588592447712 80
1783176708538 1.7745612069975358 81
1783176709096 1.7742925198339277 82
1783176709708 1.7742693932317566 83
1783176710143 1.7743707865007028 84
1783176710540 1.7746842886662566 85
1783176710909 1.7749160978593261 86
1783176711237 1.7747075690868657 87
1783176711688 1.7739879304854975 88
1783176712132 1.7738758795215204 89
1783176712503 1.7739982199776423 90
1783176713045 1.7735199571148295 91
1783176713505 1.77414190947161 92
1783176714039 1.7739466215825759 93
1783176714518 1.7735353908723641 94
1783176714906 1.7726412337165687 95
1783176715251 1.7727805989896945 96
1783176715834 1.7734351348984947 97
1783176716287 1.7731810143409763 98
1783176716666 1.7736516968388858 99
