1783195573907 0.8809833333331866 0
1783195583018 0.902283333333183 1
1783195591773 0.9057333333331824 2
1783195601333 0.9088666666665153 3
1783195610668 0.912599999999848 4
1783195620629 0.9113333333331815 5
1783195629743 0.9123666666665147 6
1783195639521 0.9128333333331813 7
1783195649242 0.9145166666665143 8
1783195659080 0.9165333333331807 9
1783195669143 0.9169999999998472 10
1783195678868 0.9157666666665141 11
1783195688780 0.9169166666665138 12
1783195699070 0.9179833333331804 13
1783195708968 0.9177833333331804 14
1783195718973 0.9168833333331806 15
1783195729349 0.9188833333331802 16
1783195738665 0.9188333333331803 17
1783195747455 0.9184333333331803 18
1783195756534 0.9194666666665134 19
