1783271789973 0.8626499999998563 0
1783271845489 0.9646166666665059 1
1783271905641 0.974333333333171 2
1783271962735 0.9778666666665037 3
1783272019106 0.9806999999998366 4
1783272079105 0.9823333333331696 5
1783272134970 0.9849333333331692 6
1783272193303 0.9855833333331692 7
1783272250958 0.9877499999998354 8
1783272307028 0.9877833333331687 9
1783272364807 0.9888499999998352 10
1783272418297 0.9891499999998352 11
1783272472670 0.9897833333331684 12
1783272523066 0.9900333333331683 13
1783272577339 0.9911666666665016 14
1783272630811 0.9913833333331682 15
1783272685103 0.9913499999998349 16
1783272740707 0.9919166666665014 17
1783272796857 0.9924999999998346 18
1783272852922 0.9928833333331679 19
