1782831747374 0.30244547297544905 0
1782831755022 0.16055947086514336 1
1782831762506 0.12692031725068254 2
1782831770370 0.10508256139956872 3
1782831778180 0.093727889389235 4
1782831786472 0.08534275396276772 5
1782831794253 0.07902299316652116 6
1782831802056 0.07359275482329872 7
1782831810129 0.06739399019874157 8
1782831818090 0.06310555535683726 9
1782831826224 0.06074857363274111 10
1782831834275 0.05916667527094127 11
1782831842482 0.056214432066244345 12
1782831850806 0.05697769475987044 13
1782831858650 0.04780429146231055 14
1782831866675 0.05140152887371434 15
1782831874732 0.049341061280031136 16
1782831882855 0.044186499277235836 17
1782831891169 0.04984060889392664 18
1782831899521 0.04658120573992532 19
1782831908743 0.04936426403771341 20
1782831917841 0.048788185858608425 21
1782831925914 0.04408466421424881 22
1782831933491 0.04356948904394528 23
1782831941033 0.04040107034602264 24
1782831948930 0.04694341994150581 25
1782831956701 0.04357237041241502 26
1782831964883 0.042773890613736244 27
1782831972783 0.04422644107204705 28
1782831980664 0.039222608778135146 29
1782831989215 0.01430659688338494 30
1782831997298 0.005411424455551788 31
1782832005404 0.003551254508740863 32
1782832013593 0.0025483753653394547 33
1782832021657 0.0016908626422048295 34
1782832029025 0.001475846863577901 35
1782832037695 0.0011551278443262124 36
1782832045892 0.0007388410321788768 37
1782832053897 0.0006540612766493072 38
1782832062506 0.000699931605024666 39
1782832071209 0.0005461787593285624 40
1782832080660 0.00028653427454217574 41
1782832088430 9.038629742973699e-05 42
1782832096437 6.716629193576795e-05 43
1782832103953 5.098646333865344e-05 44
1782832111648 3.9191579514671674e-05 45
1782832119423 3.221215185929844e-05 46
1782832127091 2.5764971644782698e-05 47
1782832134914 2.0485910718511893e-05 48
1782832142684 1.6916271166503113e-05 49
1782832150443 1.3979969929568436e-05 50
1782832158123 1.1491189615114607e-05 51
1782832166699 8.757193833340628e-06 52
1782832175356 8.294484212349272e-06 53
1782832182699 7.991006254345256e-06 54
1782832190302 7.766943816335851e-06 55
1782832198473 7.542197448575452e-06 56
1782832206874 7.321306991287846e-06 57
1782832214828 7.1023226192063454e-06 58
1782832222319 6.986479701936375e-06 59
1782832230056 6.791444945024374e-06 60
1782832238792 6.611207692150868e-06 61
1782832247052 6.4850282286112495e-06 62
1782832255225 6.209166989237783e-06 63
1782832264348 6.189628161756536e-06 64
1782832272846 6.173132252890074e-06 65
1782832281048 6.1586834176979055e-06 66
1782832288941 6.143273983358139e-06 67
1782832296825 6.1320108996642896e-06 68
1782832304381 6.111086600227459e-06 69
1782832312604 6.101463863061248e-06 70
1782832320828 6.08169886705112e-06 71
1782832328770 6.06688784279716e-06 72
1782832336601 6.055998881186311e-06 73
1782832344452 6.026911697723797e-06 74
1782832352220 6.02589694255798e-06 75
1782832360673 6.024498746131675e-06 76
1782832367858 6.023475205122813e-06 77
1782832374993 6.022338497474159e-06 78
1782832382073 6.021041859233122e-06 79
1782832389249 6.019816735258001e-06 80
1782832396196 6.018799903029041e-06 81
1782832403173 6.017409718114664e-06 82
1782832410320 6.016243915041511e-06 83
1782832417907 6.015047031771453e-06 84
1782832425121 6.013993645771876e-06 85
1782832432389 6.012594750488065e-06 86
1782832439766 6.011459822809124e-06 87
1782832446987 6.0103647233145475e-06 88
1782832454188 6.009172768178006e-06 89
1782832461559 6.007911697598141e-06 90
1782832468982 6.006783919590158e-06 91
1782832476264 6.005548855677453e-06 92
1782832483546 6.004302022435888e-06 93
1782832490592 6.003254943109657e-06 94
1782832497837 6.001948912502269e-06 95
1782832505109 6.000723341902603e-06 96
1782832512380 5.999596113574508e-06 97
1782832519485 5.998633446545044e-06 98
1782832526870 5.9972065948598315e-06 99
