1783271789971 0.40373337283664196 0
1783271845487 0.11378660406558624 1
1783271905640 0.08526243169454709 2
1783271962733 0.07278215630217444 3
1783272019104 0.0643689609758693 4
1783272079104 0.05607869592013663 5
1783272134969 0.04912220017477128 6
1783272193302 0.04559775206177857 7
1783272250957 0.04075510943789651 8
1783272307027 0.03938940397254915 9
1783272364805 0.03607213285253547 10
1783272418296 0.03453627869946856 11
1783272472669 0.032241645352960285 12
1783272523065 0.03169051061545594 13
1783272577338 0.028061614255185833 14
1783272630809 0.02754526423752596 15
1783272685102 0.02739600877679321 16
1783272740706 0.02579086349470135 17
1783272796856 0.02343761760528738 18
1783272852921 0.022733244219456317 19
