1782839262341 0.9158833333331807 0
1782839266452 0.9580333333331738 1
1782839270596 0.9681166666665053 2
1782839274852 0.9725166666665046 3
1782839279043 0.9765166666665039 4
1782839283180 0.978199999999837 5
1782839287405 0.9803666666665033 6
1782839291663 0.9814499999998365 7
1782839295892 0.9818833333331697 8
1782839300054 0.9855666666665025 9
1782839304305 0.9842333333331693 10
1782839308458 0.9856999999998358 11
1782839312631 0.986333333333169 12
1782839316766 0.9961833333331673 13
1782839320872 0.9986166666665003 14
1782839325791 0.9991166666665002 15
1782839330124 0.9993499999998335 16
1782839334352 0.9996999999998334 17
1782839338561 0.9997833333331667 18
1782839342763 0.9998666666665 19
1782839346970 0.9998666666665 20
1782839351211 0.9998999999998334 21
1782839355490 0.9999333333331667 22
1782839359676 0.9998833333331667 23
1782839363945 0.9999499999998334 24
1782839368098 0.9999666666665 25
1782839372316 0.9999999999998334 26
1782839376609 0.9999999999998334 27
1782839380946 0.9999999999998334 28
1782839385224 0.9999999999998334 29
1782839389482 0.9999999999998334 30
1782839393735 0.9999999999998334 31
1782839397899 0.9999999999998334 32
1782839402262 0.9999999999998334 33
1782839406470 0.9999999999998334 34
1782839410710 0.9999999999998334 35
1782839415041 0.9999999999998334 36
1782839419277 0.9999999999998334 37
1782839423638 0.9999999999998334 38
1782839427927 0.9999999999998334 39
