1783181908379 0.30272453555402634 0
1783181923050 0.1585123301978151 1
1783181937673 0.12580790818927767 2
1783181951537 0.10453230016192862 3
1783181965526 0.09495171061526635 4
1783181979579 0.08326716337298493 5
1783181994501 0.07751103922873918 6
1783182009264 0.06888567563760764 7
1783182024471 0.07348210848032616 8
1783182038473 0.06541474361273614 9
1783182053323 0.056424747521202086 10
1783182069141 0.05611862749634358 11
1783182084467 0.053720972215891304 12
1783182099611 0.053715021935371816 13
1783182115214 0.05146659080062697 14
1783182131883 0.05122015825945507 15
1783182148950 0.04714813869094146 16
1783182167018 0.047819509573655994 17
1783182183738 0.045494806138746464 18
1783182202710 0.04203077930041175 19
1783182219533 0.01312621159107981 20
1783182238217 0.006468713274271978 21
1783182259081 0.004772489447097971 22
1783182282928 0.003605949657028445 23
1783182308960 0.0027297082848150456 24
1783182339569 0.0017505555987448833 25
1783182377505 0.0015741454620166184 26
1783182416837 0.0013443373511408 27
1783182457778 0.0009881886881095091 28
1783182499683 0.0010939817519337329 29
1783182545899 0.000823166995355731 30
1783182595394 0.0004767760244945283 31
1783182649594 0.0003017930099884071 32
1783182703678 0.00013037509659190652 33
1783182759396 9.69347461306412e-05 34
1783182816059 7.760042752789872e-05 35
1783182871721 6.393986045811927e-05 36
1783182929310 4.816026096606349e-05 37
1783182987662 3.904655524128895e-05 38
1783183050601 3.2338344940721414e-05 39
