1782826910994 0.912849999999848 0
1782826914088 0.9569666666665072 1
1782826917226 0.9666666666665056 2
1782826920371 0.9714499999998382 3
1782826923496 0.9743499999998376 4
1782826926660 0.9780833333331703 5
1782826929725 0.9789833333331702 6
1782826932878 0.9808166666665032 7
1782826936057 0.9816666666665032 8
1782826939246 0.9830999999998362 9
1782826942470 0.9845999999998359 10
1782826945732 0.9847666666665026 11
1782826949054 0.9851333333331692 12
1782826952339 0.986483333333169 13
1782826955657 0.9870333333331689 14
1782826958984 0.9870999999998356 15
1782826962297 0.996499999999834 16
1782826965556 0.9984499999998336 17
1782826968927 0.9988999999998336 18
1782826972260 0.9990666666665002 19
1782826975650 0.9991999999998336 20
1782826979036 0.9993999999998335 21
1782826982346 0.9995999999998334 22
1782826985701 0.9995333333331667 23
1782826989066 0.9996999999998334 24
1782826992427 0.9997499999998334 25
1782826995799 0.9997333333331667 26
1782826999113 0.9997666666665 27
1782827002461 0.9998499999998334 28
1782827005765 0.9998333333331667 29
1782827009216 0.9998666666665 30
1782827012646 0.9999999999998334 31
1782827016114 0.9999999999998334 32
1782827019541 0.9999999999998334 33
1782827022991 0.9999999999998334 34
1782827026377 0.9999999999998334 35
1782827029810 0.9999833333331667 36
1782827033297 0.9999999999998334 37
1782827036664 0.9999999999998334 38
1782827040041 0.9999999999998334 39
1782827043479 0.9999999999998334 40
1782827046855 0.9999999999998334 41
1782827050205 0.9999999999998334 42
1782827053587 0.9999999999998334 43
1782827057319 0.9999999999998334 44
1782827060684 0.9999999999998334 45
1782827064123 0.9999999999998334 46
1782827067609 0.9999999999998334 47
1782827071004 0.9999999999998334 48
1782827074469 0.9999999999998334 49
1782827077907 0.9999999999998334 50
1782827081265 0.9999999999998334 51
1782827084702 0.9999999999998334 52
1782827088146 0.9999999999998334 53
1782827091523 0.9999999999998334 54
1782827094962 0.9999999999998334 55
1782827098490 0.9999999999998334 56
1782827102026 0.9999999999998334 57
1782827105481 0.9999999999998334 58
1782827109006 0.9999999999998334 59
1782827112520 0.9999999999998334 60
1782827116008 0.9999999999998334 61
1782827119502 0.9999999999998334 62
1782827122966 0.9999999999998334 63
1782827126508 0.9999999999998334 64
1782827130027 0.9999999999998334 65
1782827133633 0.9999999999998334 66
1782827137157 0.9999999999998334 67
1782827140669 0.9999999999998334 68
1782827144265 0.9999999999998334 69
1782827147817 0.9999999999998334 70
1782827151294 0.9999999999998334 71
1782827154871 0.9999999999998334 72
1782827158471 0.9999999999998334 73
1782827161967 0.9999999999998334 74
1782827165504 0.9999999999998334 75
1782827169084 0.9999999999998334 76
1782827172590 0.9999999999998334 77
1782827176203 0.9999999999998334 78
1782827179754 0.9999999999998334 79
1782827183271 0.9999999999998334 80
1782827186854 0.9999999999998334 81
1782827190442 0.9999999999998334 82
1782827194000 0.9999999999998334 83
1782827197584 0.9999999999998334 84
1782827201104 0.9999999999998334 85
1782827204736 0.9999999999998334 86
1782827208274 0.9999999999998334 87
1782827211898 0.9999999999998334 88
1782827215502 0.9999999999998334 89
1782827219141 0.9999999999998334 90
1782827222756 0.9999999999998334 91
1782827226273 0.9999999999998334 92
1782827229873 0.9999999999998334 93
1782827233489 0.9999999999998334 94
1782827237076 0.9999999999998334 95
1782827240684 0.9999999999998334 96
1782827244316 0.9999999999998334 97
1782827247926 0.9999999999998334 98
1782827251403 0.9999999999998334 99
