1782828549755 0.9146499999998476 0
1782828552640 0.9570333333331739 1
1782828555542 0.9653499999998392 2
1782828558455 0.9712499999998382 3
1782828561414 0.9744499999998376 4
1782828564338 0.9765333333331706 5
1782828567244 0.9786499999998369 6
1782828570211 0.9799999999998367 7
1782828573085 0.9814833333331698 8
1782828576001 0.9832833333331695 9
1782828578900 0.9839833333331693 10
1782828581806 0.9839333333331693 11
1782828584674 0.9852999999998359 12
1782828587596 0.985933333333169 13
1782828590572 0.985983333333169 14
1782828593508 0.9871666666665022 15
1782828596417 0.9861166666665023 16
1782828599284 0.988366666666502 17
1782828602198 0.9872333333331689 18
1782828605185 0.9883499999998353 19
1782828608189 0.9877999999998354 20
1782828611644 0.9899333333331684 21
1782828614656 0.9889833333331686 22
1782828617700 0.9888999999998352 23
1782828620664 0.9886999999998353 24
1782828623582 0.9882999999998353 25
1782828626475 0.9905833333331683 26
1782828629460 0.9893166666665019 27
1782828632351 0.990099999999835 28
1782828635252 0.9981666666665003 29
1782828638156 0.9992999999998335 30
1782828641079 0.9995499999998334 31
1782828644127 0.9998166666665 32
1782828647147 0.9997499999998334 33
1782828650092 0.9998666666665 34
1782828652964 0.9998666666665 35
1782828655850 0.9999333333331667 36
1782828658804 0.9998999999998334 37
1782828661709 0.9998333333331667 38
1782828664663 0.9999666666665 39
1782828667601 0.9999666666665 40
1782828670516 0.9999333333331667 41
1782828673476 0.9999999999998334 42
1782828676466 0.9999999999998334 43
1782828679378 0.9999999999998334 44
1782828682275 0.9999999999998334 45
1782828685159 0.9999999999998334 46
1782828688056 0.9999999999998334 47
1782828691037 0.9999999999998334 48
1782828694006 0.9999999999998334 49
1782828696907 0.9999999999998334 50
1782828699918 0.9999999999998334 51
1782828702864 0.9999999999998334 52
1782828705784 0.9999999999998334 53
1782828708750 0.9999999999998334 54
1782828711738 0.9999999999998334 55
1782828714654 0.9999999999998334 56
1782828717556 0.9999999999998334 57
1782828720465 0.9999999999998334 58
1782828723352 0.9999999999998334 59
1782828726232 0.9999999999998334 60
1782828729145 0.9999999999998334 61
1782828732158 0.9999999999998334 62
1782828735099 0.9999999999998334 63
1782828737993 0.9999999999998334 64
1782828740910 0.9999999999998334 65
1782828743888 0.9999999999998334 66
1782828746856 0.9999999999998334 67
1782828749758 0.9999999999998334 68
1782828752713 0.9999999999998334 69
1782828755597 0.9999999999998334 70
1782828758518 0.9999999999998334 71
1782828761438 0.9999999999998334 72
1782828764342 0.9999999999998334 73
1782828767339 0.9999999999998334 74
1782828770234 0.9999999999998334 75
1782828773132 0.9999999999998334 76
1782828776105 0.9999999999998334 77
1782828779137 0.9999999999998334 78
1782828782064 0.9999999999998334 79
1782828784966 0.9999999999998334 80
1782828787901 0.9999999999998334 81
1782828790829 0.9999999999998334 82
1782828793790 0.9999999999998334 83
1782828796713 0.9999999999998334 84
1782828799664 0.9999999999998334 85
1782828802597 0.9999999999998334 86
1782828805542 0.9999999999998334 87
1782828808517 0.9999999999998334 88
1782828811434 0.9999999999998334 89
1782828814328 0.9999999999998334 90
1782828817239 0.9999999999998334 91
1782828820147 0.9999999999998334 92
1782828823107 0.9999999999998334 93
1782828826049 0.9999999999998334 94
1782828828971 0.9999999999998334 95
1782828831973 0.9999999999998334 96
1782828834927 0.9999999999998334 97
1782828837842 0.9999999999998334 98
1782828840801 0.9999999999998334 99
