1782990215787 0.2804343284775758 0
1782990219028 0.13701630983912885 1
1782990222390 0.10555569388505896 2
1782990225689 0.08928035311676133 3
1782990229088 0.07722178492532837 4
1782990232289 0.06676626023369313 5
1782990235804 0.0630574354253373 6
1782990238985 0.060389985043706844 7
1782990242207 0.05515267326768255 8
1782990245308 0.049417998364653444 9
1782990248623 0.04913535473245611 10
1782990251936 0.04586117928599694 11
1782990255321 0.04261062596047777 12
1782990258713 0.03988346984070836 13
1782990262083 0.03893278059197228 14
1782990265740 0.0392380973166168 15
1782990268981 0.03583005408057266 16
1782990272370 0.03522728188253565 17
1782990275822 0.03221699390985075 18
1782990279320 0.03383543071412089 19
1782990282935 0.03269799316187927 20
1782990286288 0.029266869254577232 21
1782990289639 0.03457987283010082 22
1782990293163 0.007511823271532877 23
1782990296674 0.003766333716781065 24
1782990300271 0.0028037483231311477 25
1782990303660 0.0025007394822783094 26
1782990307039 0.0018276417038924435 27
1782990310455 0.0015855938532317719 28
1782990313911 0.001489587804847109 29
1782990317358 0.0012445467510188203 30
1782990320950 0.0009393382616009225 31
1782990324334 0.0008919879627177073 32
1782990327711 0.0007834471166217304 33
1782990330996 0.0007773689719670906 34
1782990334293 0.000643174114704845 35
1782990337644 0.0007644527068471694 36
1782990340911 0.00040197736719119073 37
1782990344191 0.0003119279381166848 38
1782990347641 0.00028463511759826445 39
1782990350945 0.00026172816810565735 40
1782990354485 0.00025633243813340885 41
1782990357932 0.0002423556480826654 42
1782990361538 0.00023808416666641177 43
1782990364896 0.0002312628451026305 44
1782990368151 0.00022848444131092432 45
1782990371484 0.00021743161474774124 46
1782990374880 0.00021418960704005697 47
1782990378538 0.00019940958374980221 48
1782990381979 0.00019557143067457715 49
1782990385456 0.00019433948394795755 50
1782990389059 0.00019347713558018505 51
1782990392795 0.00019310376553552348 52
1782990396264 0.00019201701339833623 53
1782990399530 0.00019157895954188814 54
1782990402813 0.00019093949433922065 55
1782990406069 0.00019051380603429352 56
1782990409519 0.00018994622410685027 57
1782990412906 0.0001893280151858507 58
1782990416376 0.00018720453525747507 59
1782990419981 0.00018714827063011176 60
1782990423553 0.00018707920930385063 61
1782990427415 0.00018703128246839461 62
1782990431319 0.0001869729212145666 63
1782990434929 0.00018691065418385033 64
1782990438685 0.00018687299078234978 65
1782990442279 0.00018679977907755038 66
1782990445937 0.00018675950295816756 67
1782990449636 0.0001867098141364569 68
1782990453308 0.00018666329827130728 69
1782990456910 0.00018643078363241963 70
1782990460538 0.00018642655899369867 71
1782990463911 0.0001864229798701734 72
1782990467497 0.00018642148013208135 73
1782990470994 0.000186417441504059 74
1782990474625 0.00018641365720311814 75
1782990478170 0.00018640915857036155 76
1782990481965 0.00018640773808972674 77
1782990485582 0.00018640493733565282 78
1782990489161 0.00018640269403012122 79
1782990493083 0.00018639888767962577 80
1782990496617 0.00018639681417793543 81
1782990500024 0.00018639303455059985 82
1782990503460 0.0001863902496761651 83
1782990507241 0.0001863880035489186 84
1782990510808 0.00018638362854375882 85
1782990514287 0.00018638284161620765 86
1782990517775 0.0001863784682872227 87
1782990521455 0.00018637506842883797 88
1782990525275 0.00018637418874393303 89
1782990528824 0.00018636919061851704 90
1782990532223 0.00018636703288585073 91
1782990535617 0.0001863649657283331 92
1782990539254 0.00018636099125780077 93
1782990542716 0.0001863581953067589 94
1782990546713 0.00018635645030657403 95
1782990550471 0.00018635291051048448 96
1782990553929 0.0001863496414394821 97
1782990557648 0.0001863480830697071 98
1782990561063 0.00018634478117867935 99
