1782985494427 0.9148999999998476 0
1782985499319 0.9566499999998406 1
1782985504256 0.9652333333331725 2
1782985509398 0.9716833333331715 3
1782985514370 0.9739166666665043 4
1782985519376 0.9762499999998373 5
1782985524382 0.9775833333331705 6
1782985529400 0.9811166666665032 7
1782985534376 0.9811999999998365 8
1782985539227 0.9821999999998363 9
1782985544323 0.9831999999998362 10
1782985549436 0.9844833333331693 11
1782985554553 0.9832833333331695 12
1782985559625 0.9864499999998356 13
1782985564614 0.9846499999998359 14
1782985569508 0.986483333333169 15
1782985574510 0.9872666666665022 16
1782985579678 0.996349999999834 17
1782985584563 0.9981999999998337 18
1782985589522 0.9988666666665003 19
1782985594635 0.9990999999998336 20
1782985599705 0.9995166666665001 21
1782985604751 0.9996499999998334 22
1782985609733 0.9998166666665 23
1782985614636 0.9997499999998334 24
1782985619847 0.9997833333331667 25
1782985624908 0.9999333333331667 26
1782985629988 0.9998999999998334 27
1782985635080 0.9998166666665 28
1782985639986 0.9998999999998334 29
1782985645148 0.9999666666665 30
1782985650212 0.9999833333331667 31
1782985655454 0.9999833333331667 32
1782985660586 0.9999833333331667 33
1782985665681 0.9999999999998334 34
1782985670776 0.9999999999998334 35
1782985675737 0.9999999999998334 36
1782985680733 0.9999999999998334 37
1782985685623 0.9999999999998334 38
1782985691133 0.9999999999998334 39
1782985696426 0.9999999999998334 40
1782985701574 0.9999999999998334 41
1782985706703 0.9999999999998334 42
1782985711915 0.9999999999998334 43
1782985717174 0.9999999999998334 44
1782985722051 0.9999999999998334 45
1782985727111 0.9999999999998334 46
1782985732294 0.9999999999998334 47
1782985737405 0.9999999999998334 48
1782985742488 0.9999999999998334 49
1782985747802 0.9999999999998334 50
1782985753292 0.9999999999998334 51
1782985758818 0.9999999999998334 52
1782985764224 0.9999999999998334 53
1782985769696 0.9999999999998334 54
1782985775052 0.9999999999998334 55
1782985780092 0.9999999999998334 56
1782985785162 0.9999999999998334 57
1782985790411 0.9999999999998334 58
1782985795583 0.9999999999998334 59
1782985800825 0.9999999999998334 60
1782985806073 0.9999999999998334 61
1782985811202 0.9999999999998334 62
1782985816379 0.9999999999998334 63
1782985821416 0.9999999999998334 64
1782985826521 0.9999999999998334 65
1782985831792 0.9999999999998334 66
1782985836815 0.9999999999998334 67
1782985841883 0.9999999999998334 68
1782985847145 0.9999999999998334 69
1782985852423 0.9999999999998334 70
1782985857590 0.9999999999998334 71
1782985862867 0.9999999999998334 72
1782985868035 0.9999999999998334 73
1782985873323 0.9999999999998334 74
1782985878694 0.9999999999998334 75
1782985883890 0.9999999999998334 76
1782985888977 0.9999999999998334 77
1782985893954 0.9999999999998334 78
1782985899183 0.9999999999998334 79
1782985904485 0.9999999999998334 80
1782985909645 0.9999999999998334 81
1782985915029 0.9999999999998334 82
1782985920273 0.9999999999998334 83
1782985925399 0.9999999999998334 84
1782985930581 0.9999999999998334 85
1782985935819 0.9999999999998334 86
1782985941145 0.9999999999998334 87
1782985946269 0.9999999999998334 88
1782985951575 0.9999999999998334 89
1782985956666 0.9999999999998334 90
1782985961924 0.9999999999998334 91
1782985967169 0.9999999999998334 92
1782985972389 0.9999999999998334 93
1782985977972 0.9999999999998334 94
1782985983101 0.9999999999998334 95
1782985988197 0.9999999999998334 96
1782985993350 0.9999999999998334 97
1782985998385 0.9999999999998334 98
1782986003565 0.9999999999998334 99
