1782991128387 0.30244547297544905 0
1782991136387 0.16055947086514336 1
1782991144331 0.12692031725068254 2
1782991152529 0.10508256139956872 3
1782991160283 0.093727889389235 4
1782991167934 0.08534275396276772 5
1782991176260 0.07902299316652116 6
1782991184058 0.07359275482329872 7
1782991191617 0.06739399019874157 8
1782991199528 0.06310555535683726 9
1782991207201 0.06074857363274111 10
1782991214838 0.05916667527094127 11
1782991222535 0.056214432066244345 12
1782991230542 0.05697769475987044 13
1782991238326 0.04780429146231055 14
1782991245859 0.05140152887371434 15
1782991254007 0.049341061280031136 16
1782991262143 0.044186499277235836 17
1782991269887 0.04984060889392664 18
1782991277589 0.04658120573992532 19
1782991285090 0.04936426403771341 20
1782991292644 0.048788185858608425 21
1782991300154 0.04408466421424881 22
1782991307553 0.04356948904394528 23
1782991315662 0.04040107034602264 24
1782991325270 0.04694341994150581 25
1782991333616 0.04357237041241502 26
1782991342069 0.042773890613736244 27
1782991350151 0.04422644107204705 28
1782991357567 0.039222608778135146 29
1782991365409 0.01430659688338494 30
1782991372908 0.005411424455551788 31
1782991380485 0.003551254508740863 32
1782991388078 0.0025483753653394547 33
1782991395713 0.0016908626422048295 34
1782991403402 0.001475846863577901 35
1782991411370 0.0011551278443262124 36
1782991419385 0.0007388410321788768 37
1782991427337 0.0006540612766493072 38
1782991434592 0.000699931605024666 39
1782991442124 0.0005461787593285624 40
1782991449907 0.00028653427454217574 41
1782991457846 9.038629742973699e-05 42
1782991465056 6.716629193576795e-05 43
1782991472631 5.098646333865344e-05 44
1782991480135 3.9191579514671674e-05 45
1782991487549 3.221215185929844e-05 46
1782991494970 2.5764971644782698e-05 47
1782991502341 2.0485910718511893e-05 48
1782991509717 1.6916271166503113e-05 49
1782991516881 1.3979969929568436e-05 50
1782991524257 1.1491189615114607e-05 51
1782991531563 8.757193833340628e-06 52
1782991538823 8.294484212349272e-06 53
1782991545923 7.991006254345256e-06 54
1782991553200 7.766943816335851e-06 55
1782991560469 7.542197448575452e-06 56
1782991567838 7.321306991287846e-06 57
1782991575190 7.1023226192063454e-06 58
1782991582741 6.986479701936375e-06 59
1782991590018 6.791444945024374e-06 60
1782991597273 6.611207692150868e-06 61
1782991604725 6.4850282286112495e-06 62
1782991612149 6.209166989237783e-06 63
1782991619631 6.189628161756536e-06 64
1782991627023 6.173132252890074e-06 65
1782991634306 6.1586834176979055e-06 66
1782991641615 6.143273983358139e-06 67
1782991649191 6.1320108996642896e-06 68
1782991656742 6.111086600227459e-06 69
1782991664246 6.101463863061248e-06 70
1782991671545 6.08169886705112e-06 71
1782991679004 6.06688784279716e-06 72
1782991686533 6.055998881186311e-06 73
1782991693896 6.026911697723797e-06 74
1782991701281 6.02589694255798e-06 75
1782991708741 6.024498746131675e-06 76
1782991716138 6.023475205122813e-06 77
1782991723329 6.022338497474159e-06 78
1782991730688 6.021041859233122e-06 79
1782991737945 6.019816735258001e-06 80
1782991745352 6.018799903029041e-06 81
1782991752579 6.017409718114664e-06 82
1782991760032 6.016243915041511e-06 83
1782991767964 6.015047031771453e-06 84
1782991776211 6.013993645771876e-06 85
1782991784449 6.012594750488065e-06 86
1782991792925 6.011459822809124e-06 87
1782991801214 6.0103647233145475e-06 88
1782991809418 6.009172768178006e-06 89
1782991817402 6.007911697598141e-06 90
1782991825646 6.006783919590158e-06 91
1782991833669 6.005548855677453e-06 92
1782991841844 6.004302022435888e-06 93
1782991849894 6.003254943109657e-06 94
1782991857760 6.001948912502269e-06 95
1782991865601 6.000723341902603e-06 96
1782991873507 5.999596113574508e-06 97
1782991881907 5.998633446545044e-06 98
1782991891091 5.9972065948598315e-06 99
