1782812721893 0.2822292122507938 0
1782812726440 0.13736561216986432 1
1782812731001 0.10716140468771228 2
1782812735496 0.08924175348572645 3
1782812740115 0.07673277812745477 4
1782812744727 0.06966164352581161 5
1782812749398 0.061709323966825956 6
1782812754184 0.0572269520678765 7
1782812758776 0.05371484627407888 8
1782812763447 0.04950834387859779 9
1782812768168 0.047448785347826344 10
1782812773066 0.04596038686681746 11
1782812777816 0.04178214948466417 12
1782812782632 0.042563182188126186 13
1782812787368 0.03827563298336131 14
1782812792225 0.03865084861361976 15
1782812797039 0.03537163420884806 16
1782812802071 0.0350888906162797 17
1782812806912 0.033734738734139964 18
1782812811806 0.034653305532254784 19
1782812816586 0.01003864619964279 20
1782812821269 0.0044023878052295165 21
1782812825651 0.003087132711712211 22
1782812830007 0.0025395338960920904 23
1782812834401 0.0021069484673450264 24
1782812838874 0.0017313111306314546 25
1782812843417 0.0015533312960448935 26
1782812847805 0.001221138684706532 27
1782812852253 0.0010553083261222536 28
1782812856739 0.0009714170263206175 29
1782812861104 0.000783587167367141 30
1782812865555 0.0009240887328788156 31
1782812869991 0.0006732955652201494 32
1782812874676 0.0006980793608223907 33
1782812879215 0.00045706866240961114 34
1782812883958 0.0003416794438953318 35
1782812888721 0.00025780148294490335 36
1782812893122 0.0002399052734440464 37
1782812897475 0.0002315612761156709 38
1782812902034 0.0002229419208956121 39
1782812906442 0.00021521148864585152 40
1782812911410 0.00021260023552872854 41
1782812916556 0.00020615549782021338 42
1782812921423 0.00020128537408581798 43
1782812926399 0.00019663592213941102 44
1782812931581 0.00019175202248518752 45
1782812936429 0.00017547290284062095 46
