1782985154509 0.9128833333331813 0
1782985157811 0.9574499999998405 1
1782985161077 0.9671833333331722 2
1782985164454 0.9722333333331713 3
1782985167815 0.9752999999998375 4
1782985171157 0.9782666666665036 5
1782985174516 0.98003333333317 6
1782985177872 0.9813999999998365 7
1782985181309 0.9819833333331697 8
1782985184664 0.9829999999998362 9
1782985187860 0.983949999999836 10
1782985191180 0.9851166666665025 11
1782985194471 0.9853999999998359 12
1782985197902 0.9869333333331689 13
1782985201253 0.9870666666665022 14
1782985204582 0.9867333333331689 15
1782985207877 0.988016666666502 16
1782985211280 0.9885833333331686 17
1782985214546 0.9893999999998352 18
1782985217792 0.9886166666665019 19
1782985221116 0.9896333333331684 20
1782985224416 0.9908833333331682 21
1782985227808 0.9892166666665019 22
1782985231144 0.9974666666665005 23
1782985234401 0.9990833333331669 24
1782985237639 0.9993999999998335 25
1782985240955 0.9993999999998335 26
1782985244333 0.9997166666665 27
1782985247634 0.9997333333331667 28
1782985250949 0.9997499999998334 29
1782985254250 0.9998166666665 30
1782985257676 0.9998999999998334 31
1782985261107 0.9998999999998334 32
1782985264422 0.9998666666665 33
1782985267797 0.9998666666665 34
1782985271071 0.9999333333331667 35
1782985274284 0.9998666666665 36
1782985277556 0.9999999999998334 37
1782985280756 0.9999999999998334 38
1782985284125 0.9999999999998334 39
1782985287708 0.9999999999998334 40
1782985291114 0.9999999999998334 41
1782985294547 0.9999999999998334 42
1782985297935 0.9999999999998334 43
1782985301349 0.9999999999998334 44
1782985304741 0.9999999999998334 45
1782985308064 0.9999999999998334 46
1782985311379 0.9999999999998334 47
1782985314746 0.9999999999998334 48
1782985318066 0.9999999999998334 49
1782985321369 0.9999999999998334 50
1782985324749 0.9999999999998334 51
1782985328166 0.9999999999998334 52
1782985331544 0.9999999999998334 53
1782985334898 0.9999999999998334 54
1782985338330 0.9999999999998334 55
1782985341828 0.9999999999998334 56
1782985345347 0.9999999999998334 57
1782985348742 0.9999999999998334 58
1782985352077 0.9999999999998334 59
1782985355436 0.9999999999998334 60
1782985358781 0.9999999999998334 61
1782985362195 0.9999999999998334 62
1782985365557 0.9999999999998334 63
1782985368965 0.9999999999998334 64
1782985372303 0.9999999999998334 65
1782985375709 0.9999999999998334 66
1782985379064 0.9999999999998334 67
1782985382439 0.9999999999998334 68
1782985385789 0.9999999999998334 69
1782985389200 0.9999999999998334 70
1782985392627 0.9999999999998334 71
1782985396037 0.9999999999998334 72
1782985399425 0.9999999999998334 73
1782985402890 0.9999999999998334 74
1782985406264 0.9999999999998334 75
1782985409507 0.9999999999998334 76
1782985412977 0.9999999999998334 77
1782985416495 0.9999999999998334 78
1782985419766 0.9999999999998334 79
1782985423268 0.9999999999998334 80
1782985426674 0.9999999999998334 81
1782985430130 0.9999999999998334 82
1782985433478 0.9999999999998334 83
1782985436832 0.9999999999998334 84
1782985440199 0.9999999999998334 85
1782985443702 0.9999999999998334 86
1782985447066 0.9999999999998334 87
1782985450551 0.9999999999998334 88
1782985454118 0.9999999999998334 89
1782985457572 0.9999999999998334 90
1782985461031 0.9999999999998334 91
1782985464474 0.9999999999998334 92
1782985468087 0.9999999999998334 93
1782985471600 0.9999999999998334 94
1782985474979 0.9999999999998334 95
1782985478450 0.9999999999998334 96
1782985481861 0.9999999999998334 97
1782985485143 0.9999999999998334 98
1782985488557 0.9999999999998334 99
