1783195573905 0.40517537831646677 0
1783195583017 0.33621815673728284 1
1783195591772 0.32460949654008675 2
1783195601332 0.3160213511410389 3
1783195610666 0.3109785428010727 4
1783195620627 0.30676962086692755 5
1783195629742 0.30464167067345427 6
1783195639520 0.3027659597003207 7
1783195649241 0.29895774782537915 8
1783195659079 0.2948120950106951 9
1783195669141 0.29332797941011707 10
1783195678866 0.2931458534364166 11
1783195688779 0.2910530059187983 12
1783195699068 0.2902901667415515 13
1783195708966 0.28751310157125837 14
1783195718972 0.2879654187405646 15
1783195729347 0.2850439725761311 16
1783195738663 0.2842297050898016 17
1783195747454 0.2854302296325243 18
1783195756533 0.28183843831567656 19
