1782831747375 0.9052499999998491 0
1782831755023 0.9520833333331747 1
1782831762507 0.9610166666665065 2
1782831770372 0.9668333333331722 3
1782831778181 0.9712666666665049 4
1782831786473 0.9741499999998376 5
1782831794254 0.9765666666665039 6
1782831802057 0.9774333333331705 7
1782831810130 0.9795833333331702 8
1782831818091 0.9805166666665033 9
1782831826225 0.9818333333331697 10
1782831834276 0.9820999999998363 11
1782831842483 0.9828499999998362 12
1782831850807 0.9822333333331696 13
1782831858652 0.9856666666665025 14
1782831866676 0.9846333333331693 15
1782831874733 0.9847666666665026 16
1782831882857 0.9867666666665023 17
1782831891170 0.9851499999998359 18
1782831899522 0.9861666666665023 19
1782831908745 0.9858666666665024 20
1782831917842 0.9856333333331692 21
1782831925915 0.9870333333331689 22
1782831933492 0.9865666666665023 23
1782831941034 0.9876499999998355 24
1782831948931 0.9868499999998356 25
1782831956703 0.9874499999998355 26
1782831964884 0.9873499999998355 27
1782831972784 0.9876166666665022 28
1782831980665 0.9879833333331687 29
1782831989216 0.9959833333331674 30
1782831997299 0.9983499999998336 31
1782832005405 0.9989499999998336 32
1782832013594 0.9991333333331669 33
1782832021658 0.9994833333331667 34
1782832029026 0.9994833333331667 35
1782832037696 0.9996333333331667 36
1782832045893 0.9998166666665 37
1782832053898 0.9998333333331667 38
1782832062507 0.9998333333331667 39
1782832071210 0.9997999999998334 40
1782832080661 0.9999333333331667 41
1782832088431 0.9999999999998334 42
1782832096438 0.9999999999998334 43
1782832103954 0.9999999999998334 44
1782832111649 0.9999999999998334 45
1782832119424 0.9999999999998334 46
1782832127092 0.9999999999998334 47
1782832134915 0.9999999999998334 48
1782832142685 0.9999999999998334 49
1782832150444 0.9999999999998334 50
1782832158124 0.9999999999998334 51
1782832166700 0.9999999999998334 52
1782832175357 0.9999999999998334 53
1782832182700 0.9999999999998334 54
1782832190303 0.9999999999998334 55
1782832198474 0.9999999999998334 56
1782832206875 0.9999999999998334 57
1782832214829 0.9999999999998334 58
1782832222320 0.9999999999998334 59
1782832230057 0.9999999999998334 60
1782832238793 0.9999999999998334 61
1782832247053 0.9999999999998334 62
1782832255226 0.9999999999998334 63
1782832264349 0.9999999999998334 64
1782832272847 0.9999999999998334 65
1782832281049 0.9999999999998334 66
1782832288942 0.9999999999998334 67
1782832296826 0.9999999999998334 68
1782832304382 0.9999999999998334 69
1782832312605 0.9999999999998334 70
1782832320829 0.9999999999998334 71
1782832328771 0.9999999999998334 72
1782832336602 0.9999999999998334 73
1782832344452 0.9999999999998334 74
1782832352221 0.9999999999998334 75
1782832360674 0.9999999999998334 76
1782832367859 0.9999999999998334 77
1782832374994 0.9999999999998334 78
1782832382074 0.9999999999998334 79
1782832389250 0.9999999999998334 80
1782832396197 0.9999999999998334 81
1782832403174 0.9999999999998334 82
1782832410321 0.9999999999998334 83
1782832417908 0.9999999999998334 84
1782832425122 0.9999999999998334 85
1782832432390 0.9999999999998334 86
1782832439767 0.9999999999998334 87
1782832446988 0.9999999999998334 88
1782832454189 0.9999999999998334 89
1782832461560 0.9999999999998334 90
1782832468983 0.9999999999998334 91
1782832476265 0.9999999999998334 92
1782832483547 0.9999999999998334 93
1782832490593 0.9999999999998334 94
1782832497838 0.9999999999998334 95
1782832505110 0.9999999999998334 96
1782832512381 0.9999999999998334 97
1782832519486 0.9999999999998334 98
1782832526871 0.9999999999998334 99
