1782813808104 0.9158666666665141 0
1782813811385 0.9577666666665071 1
1782813814664 0.9665999999998389 2
1782813817993 0.9716666666665048 3
1782813821274 0.9751166666665042 4
1782813824632 0.9781666666665036 5
1782813827994 0.9794666666665035 6
1782813831419 0.9807833333331699 7
1782813834776 0.9821499999998363 8
1782813838157 0.9831499999998362 9
1782813841537 0.9845999999998359 10
1782813844933 0.9845999999998359 11
1782813848320 0.986133333333169 12
1782813851695 0.985933333333169 13
1782813855076 0.9873666666665022 14
1782813858494 0.987766666666502 15
1782813861908 0.9882499999998353 16
1782813865336 0.9879833333331687 17
1782813868811 0.9973333333331672 18
1782813872257 0.998633333333167 19
1782813875690 0.9988166666665003 20
1782813879176 0.9992166666665002 21
1782813882613 0.9993499999998335 22
1782813886137 0.9993833333331669 23
1782813889555 0.9995333333331667 24
1782813893029 0.9997166666665 25
1782813896427 0.9997499999998334 26
1782813899874 0.9997999999998334 27
1782813903411 0.9997833333331667 28
1782813906858 0.9998166666665 29
1782813910354 0.9998666666665 30
1782813913975 0.9999166666665 31
1782813917487 0.9999499999998334 32
1782813920960 0.9999666666665 33
1782813924367 0.9999666666665 34
1782813927874 0.9999833333331667 35
1782813931360 0.9999833333331667 36
1782813934836 0.9999833333331667 37
1782813938274 0.9999999999998334 38
1782813941684 0.9999666666665 39
1782813945148 0.9999999999998334 40
1782813949005 0.9999999999998334 41
1782813952541 0.9999833333331667 42
1782813956000 0.9999999999998334 43
1782813959473 0.9999999999998334 44
1782813963026 0.9999999999998334 45
1782813966597 0.9999999999998334 46
1782813970127 0.9999999999998334 47
1782813973686 0.9999999999998334 48
1782813977229 0.9999999999998334 49
1782813980806 0.9999999999998334 50
1782813984420 0.9999999999998334 51
1782813987942 0.9999999999998334 52
1782813991530 0.9999999999998334 53
1782813995050 0.9999999999998334 54
1782813998601 0.9999999999998334 55
1782814002196 0.9999999999998334 56
1782814005814 0.9999999999998334 57
1782814009428 0.9999999999998334 58
1782814013082 0.9999999999998334 59
1782814016581 0.9999999999998334 60
1782814020222 0.9999999999998334 61
1782814023794 0.9999999999998334 62
1782814027458 0.9999999999998334 63
1782814031140 0.9999999999998334 64
1782814034821 0.9999999999998334 65
1782814038458 0.9999999999998334 66
1782814042087 0.9999999999998334 67
1782814045694 0.9999999999998334 68
1782814049253 0.9999999999998334 69
1782814052858 0.9999999999998334 70
1782814056497 0.9999999999998334 71
1782814060205 0.9999999999998334 72
1782814063871 0.9999999999998334 73
1782814067504 0.9999999999998334 74
1782814071034 0.9999999999998334 75
1782814074671 0.9999999999998334 76
1782814078444 0.9999999999998334 77
1782814082073 0.9999999999998334 78
1782814085777 0.9999999999998334 79
1782814089435 0.9999999999998334 80
1782814093141 0.9999999999998334 81
1782814097136 0.9999999999998334 82
1782814100942 0.9999999999998334 83
1782814104703 0.9999999999998334 84
1782814108140 0.9999999999998334 85
1782814111509 0.9999999999998334 86
1782814114941 0.9999999999998334 87
1782814118543 0.9999999999998334 88
1782814124136 0.9999999999998334 89
1782814131775 0.9999999999998334 90
1782814138795 0.9999999999998334 91
1782814142982 0.9999999999998334 92
1782814147033 0.9999999999998334 93
1782814151013 0.9999999999998334 94
1782814154995 0.9999999999998334 95
1782814159136 0.9999999999998334 96
1782814163090 0.9999999999998334 97
1782814167327 0.9999999999998334 98
1782814171123 0.9999999999998334 99
