1783177125647 0.9129166666665146 0
1783177132142 0.9571499999998405 1
1783177137853 0.9663833333331723 2
1783177144140 0.9723666666665046 3
1783177150415 0.9757999999998375 4
1783177156180 0.9784166666665036 5
1783177162707 0.9791666666665035 6
1783177168685 0.9816499999998365 7
1783177174005 0.9835166666665028 8
1783177179515 0.9832333333331695 9
1783177185361 0.984199999999836 10
1783177190883 0.9856833333331692 11
1783177196907 0.986133333333169 12
1783177202986 0.9871833333331689 13
1783177208734 0.9873333333331689 14
1783177214115 0.9876666666665022 15
1783177220187 0.9967999999998339 16
1783177226659 0.998533333333167 17
1783177233385 0.9986666666665003 18
1783177265575 0.9989499999998336 19
1783177332233 0.9990499999998336 20
1783177399499 0.9993499999998335 21
1783177474106 0.9995666666665001 22
1783177545792 0.9995166666665001 23
1783177601023 0.9997166666665 24
1783177669520 0.9997166666665 25
1783177759962 0.9997666666665 26
1783177828208 0.9997999999998334 27
1783177893001 0.9998166666665 28
1783177967837 0.9997499999998334 29
1783177993739 0.9998999999998334 30
1783178009250 0.9999833333331667 31
1783178081734 0.9999999999998334 32
1783178145959 0.9999999999998334 33
1783178209385 0.9999999999998334 34
1783178297289 0.9999999999998334 35
1783178371801 0.9999999999998334 36
1783178451920 0.9999999999998334 37
1783178520098 0.9999999999998334 38
1783178590940 0.9999999999998334 39
1783178661131 0.9999999999998334 40
1783178738288 0.9999999999998334 41
1783178802057 0.9999999999998334 42
1783178872851 0.9999999999998334 43
1783178933116 0.9999999999998334 44
1783178939363 0.9999999999998334 45
1783178945848 0.9999999999998334 46
1783178952514 0.9999999999998334 47
1783178958773 0.9999999999998334 48
1783178964278 0.9999999999998334 49
1783178970141 0.9999999999998334 50
1783178976692 0.9999999999998334 51
1783178981963 0.9999999999998334 52
1783178988943 0.9999999999998334 53
1783178995571 0.9999999999998334 54
1783179001270 0.9999999999998334 55
1783179049961 0.9999999999998334 56
1783179103045 0.9999999999998334 57
1783179169513 0.9999999999998334 58
1783179226165 0.9999999999998334 59
1783179265531 0.9999999999998334 60
1783179334061 0.9999999999998334 61
1783179390904 0.9999999999998334 62
1783179449688 0.9999999999998334 63
1783179497850 0.9999999999998334 64
1783179563825 0.9999999999998334 65
1783179644381 0.9999999999998334 66
1783179709764 0.9999999999998334 67
1783179791887 0.9999999999998334 68
1783179838861 0.9999999999998334 69
1783179896195 0.9999999999998334 70
1783179959694 0.9999999999998334 71
1783180029292 0.9999999999998334 72
1783180083560 0.9999999999998334 73
1783180138095 0.9999999999998334 74
1783180184904 0.9999999999998334 75
1783180237505 0.9999999999998334 76
1783180261135 0.9999999999998334 77
1783180360232 0.9999999999998334 78
1783180409841 0.9999999999998334 79
1783180415684 0.9999999999998334 80
1783180421500 0.9999999999998334 81
1783180427783 0.9999999999998334 82
1783180433096 0.9999999999998334 83
1783180438557 0.9999999999998334 84
1783180445115 0.9999999999998334 85
1783180451380 0.9999999999998334 86
1783180456650 0.9999999999998334 87
1783180462654 0.9999999999998334 88
1783180468403 0.9999999999998334 89
1783180473336 0.9999999999998334 90
1783180478253 0.9999999999998334 91
1783180483606 0.9999999999998334 92
1783180489145 0.9999999999998334 93
1783180495358 0.9999999999998334 94
1783180500883 0.9999999999998334 95
1783180505767 0.9999999999998334 96
1783180511461 0.9999999999998334 97
1783180517923 0.9999999999998334 98
1783180522413 0.9999999999998334 99
