1783094821046 1.2045440532480456 0
1783094830724 0.9090723299196132 1
1783094838230 0.6586799702140216 2
1783094845829 0.43032587247589504 3
1783094853198 0.04930015320448406 4
1783094860857 0.1369469100177351 5
1783094868457 0.0023399446696203783 6
1783094876030 0.0007782754629656502 7
1783094883718 0.00040623440501269504 8
1783094891558 0.00022839113891624197 9
1783094899280 0.00013919627675872877 10
1783094907092 0.0001041318216334027 11
1783094914868 0.00019852051998008621 12
1783094922618 0.09608676772328044 13
1783094930486 0.000326725987332846 14
1783094938370 0.00012057976083522526 15
1783094946355 6.0013235498593936e-05 16
1783094954229 3.398366736591366e-05 17
1783094961959 2.1289639325075606e-05 18
1783094969799 1.3847651887026667e-05 19
1783094977781 8.751447386733652e-06 20
1783094985574 5.675056839079509e-06 21
1783094993429 3.809293189841299e-06 22
1783095001410 2.677077949750598e-06 23
1783095009242 1.8716271254542712e-06 24
1783095017083 1.1288578246109886e-06 25
1783095024918 7.466816324777568e-07 26
1783095032998 6.627406598455619e-07 27
1783095040938 0.04894271373836857 28
1783095048925 0.00158027796151148 29
1783095056776 0.00021493373953907 30
1783095064683 9.157710439423958e-05 31
1783095072588 4.602336899860108e-05 32
1783095080655 2.599199727151309e-05 33
1783095088564 1.607669558501143e-05 34
1783095096673 1.1565245723321062e-05 35
1783095104596 1.1243954668875744e-05 36
1783095112607 0.03015719850216561 37
1783095120851 0.0003629109136806113 38
1783095128939 7.009228672188414e-05 39
1783095136984 3.1272127111974614e-05 40
1783095145056 1.6362040781306077e-05 41
1783095153219 9.240941514359741e-06 42
1783095161341 5.457846832206808e-06 43
1783095169486 3.3551652720081145e-06 44
1783095177638 2.1678597291887655e-06 45
1783095185863 1.3825958273486471e-06 46
1783095193926 7.916703996117965e-07 47
1783095202060 4.27769446690029e-07 48
1783095210292 2.3725270417770113e-07 49
1783095218329 1.1408033469120584e-07 50
1783095226551 6.212650943656595e-08 51
1783095235366 3.564082400189788e-08 52
1783095243070 2.303646585381598e-08 53
1783095250725 1.4806152943193512e-08 54
1783095258324 1.0295545382415896e-08 55
1783095265611 7.33457057354548e-09 56
1783095273558 5.392882755772822e-09 57
1783095281232 4.03032900216015e-09 58
1783095288694 3.0647934380860395e-09 59
1783095296152 2.750451085418681e-09 60
1783095303676 5.789494436573298e-09 61
1783095311525 0.08453783189243226 62
1783095319084 0.0002261038269604399 63
1783095326686 7.919214296284417e-05 64
1783095334231 3.784228446163616e-05 65
1783095341986 2.1691811476906574e-05 66
1783095349699 1.5138306911171715e-05 67
1783095357364 8.77512198492798e-06 68
1783095364923 4.96963968411207e-06 69
1783095372498 2.8446299020732087e-06 70
1783095380179 1.6524502806892279e-06 71
1783095387622 9.664124833417058e-07 72
1783095395245 5.708310181268331e-07 73
1783095403055 3.390022150382764e-07 74
1783095410671 1.9303255560697077e-07 75
1783095418462 1.0005154453263561e-07 76
1783095427967 5.4452499117709774e-08 77
1783095435638 3.261378201867739e-08 78
1783095443291 2.223189318884031e-08 79
1783095451000 1.6370314485343067e-08 80
1783095458536 9.627230953574893e-09 81
1783095466125 5.667857751540157e-09 82
1783095473661 3.6369267197698395e-09 83
1783095481223 2.398941805950139e-09 84
1783095488748 1.6020216443792953e-09 85
1783095496213 1.1079842732065552e-09 86
1783095503806 7.741709918050472e-10 87
1783095512015 5.519825962921823e-10 88
1783095520273 3.925772279123176e-10 89
1783095528002 2.980228792690471e-10 90
1783095535756 2.4852309113441053e-10 91
1783095543111 1.898459253679435e-10 92
1783095550715 1.5921271895583118e-10 93
1783095558446 1.4357610643044525e-10 94
1783095565901 1.2157262796618888e-10 95
1783095573708 1.088745377507724e-10 96
1783095581319 1.0329782313610351e-10 97
1783095588867 9.84356730932278e-11 98
1783095596595 9.997767695503792e-11 99
1783095604256 9.910928024298759e-11 100
1783095612147 1.0010936160297365e-10 101
1783095619703 9.526763866910815e-11 102
1783095627204 8.87037483002734e-11 103
1783095635115 8.705753585072314e-11 104
1783095642771 8.836659110608593e-11 105
1783095650486 8.674461177615968e-11 106
1783095658044 8.867032205964113e-11 107
1783095665957 9.047155643671321e-11 108
1783095673413 9.082159017084587e-11 109
1783095680969 8.548713284199628e-11 110
1783095688610 9.116751098345871e-11 111
1783095696278 9.024875217842225e-11 112
1783095703929 8.993530249838211e-11 113
1783095711733 9.029012082341309e-11 114
1783095719526 9.203621281800219e-11 115
1783095727309 9.230883936434117e-11 116
1783095735052 9.183806455335831e-11 117
1783095742574 9.3731269576082e-11 118
1783095751039 9.508283312866448e-11 119
1783095759257 8.971497506142275e-11 120
1783095767332 9.576428885382089e-11 121
1783095775559 9.769191221863112e-11 122
1783095783739 9.37456645466081e-11 123
1783095792067 9.33834707642382e-11 124
1783095800220 9.404341696986468e-11 125
1783095808410 9.181995100913162e-11 126
1783095816579 9.730266365884558e-11 127
1783095824924 9.918775797779186e-11 128
1783095833140 9.752768736067483e-11 129
1783095841405 9.718050870506825e-11 130
1783095849687 9.820392391846897e-11 131
1783095857820 1.0132195663609042e-10 132
1783095865915 9.469992112495121e-11 133
1783095874209 9.647529191936811e-11 134
1783095882519 9.829144425901818e-11 135
1783095890667 9.757820553758105e-11 136
1783095898841 9.859858480346567e-11 137
1783095907098 9.916574191252722e-11 138
1783095915314 1.0091197851214715e-10 139
1783095923405 9.555613578767559e-11 140
1783095931564 1.0017601320483337e-10 141
1783095939704 1.0327150772208613e-10 142
1783095948026 1.0169692741175244e-10 143
1783095956275 1.0288599753860094e-10 144
1783095964449 1.040362277275175e-10 145
1783095972710 1.0153519333344968e-10 146
1783095980932 1.0467552070653883e-10 147
1783095988964 1.0265351766711863e-10 148
1783095997144 1.0054972553257005e-10 149
1783096005377 1.0170680432506999e-10 150
1783096013622 1.0267550362974718e-10 151
1783096021815 1.0660940738256413e-10 152
1783096030039 1.0551563597090146e-10 153
1783096039069 1.0226514161723789e-10 154
1783096047701 1.0047688993357043e-10 155
1783096056046 1.0316134848204411e-10 156
1783096064144 1.0745902654378461e-10 157
1783096072091 1.0517982120136237e-10 158
1783096079855 1.0645284895913071e-10 159
1783096087734 1.0526997073796533e-10 160
1783096095473 1.0373179286709925e-10 161
1783096103371 1.0589635332679171e-10 162
1783096111343 1.0685194891263714e-10 163
1783096119404 1.0724356178666183e-10 164
1783096127137 1.0677834649967508e-10 165
1783096134803 1.0774267056376165e-10 166
1783096142636 1.0635950420073697e-10 167
1783096150931 1.0878542834473856e-10 168
1783096159295 1.0619794325135469e-10 169
1783096167718 1.1029438833058244e-10 170
1783096176036 1.1134389521847636e-10 171
1783096184446 1.1032444575002683e-10 172
1783096192628 1.0861918370399171e-10 173
1783096200872 1.1152173026555625e-10 174
1783096209104 1.1266143139806119e-10 175
1783096217439 1.1139286999968706e-10 176
1783096225908 1.0896250726112366e-10 177
1783096234326 1.1298907941392614e-10 178
1783096242617 1.1150211532186384e-10 179
1783096251013 1.1018768719560366e-10 180
1783096259374 1.118901043812264e-10 181
1783096267666 1.1095949959343595e-10 182
1783096275931 1.0892213495928221e-10 183
1783096284306 1.0884261112049868e-10 184
1783096292618 1.1272438085749516e-10 185
1783096300699 1.1371969871310022e-10 186
1783096308794 1.1352206534613482e-10 187
1783096317075 1.1394420242925334e-10 188
1783096325323 1.1365529698371693e-10 189
1783096333718 1.1592389894552799e-10 190
1783096341800 1.134892452823586e-10 191
1783096349905 1.1696517183097987e-10 192
1783096358133 1.144956049236494e-10 193
1783096366330 1.1337410566278811e-10 194
1783096374533 1.1446025300828089e-10 195
1783096382799 1.176309242898411e-10 196
1783096391152 1.1420042854716671e-10 197
1783096399268 1.162047791492629e-10 198
1783096407439 1.1513620138212913e-10 199
