1783196214222 33721271756568.82 0
1783196225863 3831732061686.214 1
1783196236555 5333980340636.828 2
1783196247225 6255315828047.278 3
1783196258935 7580654169483.931 4
1783196270616 7447782623931.743 5
1783196282437 7939085226433.179 6
1783196293849 7746556429644.787 7
1783196305014 8415373794046.673 8
1783196315786 8066572852055.914 9
1783196325961 7748132716118.199 10
1783196337901 8269716742864.482 11
1783196349645 2618743901010.0166 12
1783196361718 1126277883894.7166 13
1783196373554 661344851404.14 14
1783196385362 472399428915.1382 15
1783196397133 414382008467.43054 16
1783196409046 386434097367.1636 17
1783196420832 357916386436.9861 18
1783196432653 343060345411.2562 19
