1783175440344 4.852292537689209 0
1783175440349 4.852056980133057 1
1783175440352 4.851536273956299 2
1783175440356 4.8514323234558105 3
1783175440360 4.851227760314941 4
1783175440362 4.851282596588135 5
1783175440365 4.850249290466309 6
1783175440367 4.848630905151367 7
1783175440369 4.84852409362793 8
1783175440372 4.848069667816162 9
1783175440374 4.8475847244262695 10
1783175440377 4.846230983734131 11
1783175440379 4.841536521911621 12
1783175440382 4.845005035400391 13
1783175440384 4.839417934417725 14
1783175440387 4.842313766479492 15
1783175440390 4.834489345550537 16
1783175440392 4.835244655609131 17
1783175440395 4.828251361846924 18
1783175440397 4.829571723937988 19
1783175440400 4.819642066955566 20
1783175440403 4.812933444976807 21
1783175440405 4.822317600250244 22
1783175440408 4.8104753494262695 23
1783175440410 4.799757957458496 24
1783175440413 4.803304672241211 25
1783175440416 4.785552024841309 26
1783175440418 4.808635234832764 27
1783175440421 4.79597806930542 28
1783175440423 4.777031421661377 29
1783175440425 4.779329776763916 30
1783175440428 4.77085018157959 31
1783175440431 4.740848541259766 32
1783175440433 4.741018295288086 33
1783175440436 4.752137660980225 34
1783175440438 4.751987934112549 35
1783175440441 4.743555068969727 36
1783175440443 4.674398422241211 37
1783175440446 4.706982612609863 38
1783175440449 4.687714099884033 39
1783175440451 4.6680707931518555 40
1783175440454 4.659459114074707 41
1783175440457 4.666962146759033 42
1783175440459 4.6938676834106445 43
1783175440462 4.651885509490967 44
1783175440465 4.675959587097168 45
1783175440467 4.627417087554932 46
1783175440470 4.662334442138672 47
1783175440472 4.606165885925293 48
1783175440475 4.55074405670166 49
1783175440478 4.590334415435791 50
1783175440482 4.5501179695129395 51
1783175440486 4.404253005981445 52
1783175440490 4.577332019805908 53
1783175440493 4.596418380737305 54
1783175440497 4.385982513427734 55
1783175440501 4.539095878601074 56
1783175440503 4.469995975494385 57
1783175440506 4.432338237762451 58
1783175440508 4.397006988525391 59
1783175440512 4.409416675567627 60
1783175440514 4.377318859100342 61
1783175440517 4.450533390045166 62
1783175440520 4.379714488983154 63
1783175440522 4.497111797332764 64
1783175440525 4.321592330932617 65
1783175440528 4.454371929168701 66
1783175440531 4.288959980010986 67
1783175440533 4.346399307250977 68
1783175440536 4.2587385177612305 69
1783175440539 4.444055557250977 70
1783175440541 4.36016321182251 71
1783175440543 4.253947734832764 72
1783175440546 4.453135013580322 73
1783175440548 4.4330949783325195 74
1783175440550 4.089755058288574 75
1783175440552 4.266986846923828 76
1783175440555 4.097198963165283 77
1783175440558 4.197086811065674 78
1783175440560 4.222038269042969 79
1783175440563 4.200213432312012 80
1783175440565 4.292182922363281 81
1783175440567 4.13683557510376 82
1783175440569 4.245964050292969 83
1783175440571 4.232827663421631 84
1783175440573 4.275118350982666 85
1783175440576 4.16070032119751 86
1783175440580 4.019283771514893 87
1783175440583 4.116095066070557 88
1783175440587 4.1674089431762695 89
1783175440589 4.162682056427002 90
1783175440592 4.2488789558410645 91
1783175440595 4.131039619445801 92
1783175440598 4.196906089782715 93
1783175440600 4.08070707321167 94
1783175440603 4.100771427154541 95
1783175440605 4.1570234298706055 96
1783175440609 4.08990478515625 97
1783175440613 3.942654609680176 98
1783175440616 3.918487787246704 99
1783175440620 4.058357238769531 100
1783175440622 3.9912638664245605 101
1783175440625 4.059093475341797 102
1783175440627 4.012343883514404 103
1783175440631 3.932873010635376 104
1783175440635 4.169150352478027 105
1783175440637 3.932119131088257 106
1783175440639 3.992866039276123 107
1783175440642 3.9343347549438477 108
1783175440662 3.994480848312378 109
1783175440666 3.908374309539795 110
1783175440670 3.862250804901123 111
1783175440674 3.9415664672851562 112
1783175440676 3.8394203186035156 113
1783175440680 3.818256139755249 114
1783175440682 3.9519615173339844 115
1783175440685 3.818608283996582 116
1783175440687 4.101430892944336 117
1783175440689 3.9330809116363525 118
1783175440692 3.8470587730407715 119
1783175440695 3.791592836380005 120
1783175440698 4.033054828643799 121
1783175440700 3.884167432785034 122
1783175440703 3.805281162261963 123
1783175440911 3.880462646484375 124
1783175440917 3.8631911277770996 125
1783175440921 3.7481281757354736 126
1783175440925 3.8016607761383057 127
1783175440929 3.734133005142212 128
1783175440933 3.7368035316467285 129
1783175440936 3.7329797744750977 130
1783175440939 3.9034273624420166 131
1783175440943 3.9436705112457275 132
1783175440945 3.9189651012420654 133
1783175440948 3.7737603187561035 134
1783175440950 3.6082890033721924 135
1783175440952 3.5655269622802734 136
1783175440955 3.6716272830963135 137
1783175440957 3.712346315383911 138
1783175440960 3.716662883758545 139
1783175440963 3.733431816101074 140
1783175440967 3.8137259483337402 141
1783175440984 3.6043760776519775 142
1783175440996 3.6692962646484375 143
1783175441000 3.9242324829101562 144
1783175441005 3.8107101917266846 145
1783175441009 3.6596755981445312 146
1783175441014 3.729301929473877 147
1783175441016 3.662651777267456 148
1783175441019 3.682800769805908 149
1783175441022 3.5156283378601074 150
1783175441024 3.6464083194732666 151
1783175441029 3.8922982215881348 152
1783175441032 3.574148654937744 153
1783175441036 3.741757392883301 154
1783175441040 3.8863749504089355 155
1783175441044 3.507573366165161 156
1783175441048 3.721205949783325 157
1783175441052 3.4577231407165527 158
1783175441054 3.745337724685669 159
1783175441057 3.5421769618988037 160
1783175441060 3.6094720363616943 161
1783175441064 3.668987989425659 162
1783175441068 3.790454864501953 163
1783175441070 3.552293539047241 164
1783175441073 3.5514700412750244 165
1783175441075 3.7168142795562744 166
1783175441078 3.5558829307556152 167
1783175441080 3.460965156555176 168
1783175441083 3.6998796463012695 169
1783175441085 3.694720506668091 170
1783175441087 3.547410249710083 171
1783175441090 3.586358070373535 172
1783175441092 3.689058303833008 173
1783175441094 3.563805103302002 174
1783175441097 3.7796688079833984 175
1783175441099 3.817774772644043 176
1783175441102 3.3831100463867188 177
1783175441104 3.708064317703247 178
1783175441106 3.612368106842041 179
1783175441109 3.526254653930664 180
1783175441112 3.4703056812286377 181
1783175441114 3.5005154609680176 182
1783175441117 3.513502359390259 183
1783175441119 3.3917927742004395 184
1783175441122 3.5161213874816895 185
1783175441125 3.4036357402801514 186
1783175441128 3.5450754165649414 187
1783175441130 3.48574161529541 188
1783175441133 3.5088701248168945 189
1783175441135 3.6240627765655518 190
1783175441138 3.539395570755005 191
1783175441140 3.532905340194702 192
1783175441142 3.640315294265747 193
1783175441145 3.635136842727661 194
1783175441148 3.697042942047119 195
1783175441150 3.415602684020996 196
1783175441152 3.4823107719421387 197
1783175441155 3.453608274459839 198
1783175441157 3.4279160499572754 199
1783175441159 3.535355567932129 200
1783175441162 3.4198169708251953 201
1783175441164 3.647629737854004 202
1783175441167 3.54156494140625 203
1783175441170 3.4012885093688965 204
1783175441172 3.582759141921997 205
1783175441175 3.484537124633789 206
1783175441178 3.2771880626678467 207
1783175441181 3.451636791229248 208
1783175441183 3.609907627105713 209
1783175441185 3.542691946029663 210
1783175441188 3.3032639026641846 211
1783175441190 3.4860916137695312 212
1783175441192 3.3137145042419434 213
1783175441195 3.568864107131958 214
1783175441198 3.520902633666992 215
1783175441200 3.540431261062622 216
1783175441201 3.376472234725952 217
1783175441203 3.526878595352173 218
1783175441205 3.5489275455474854 219
1783175441207 3.389908790588379 220
1783175441209 3.4634933471679688 221
1783175441211 3.220421552658081 222
1783175441213 3.2459263801574707 223
1783175441215 3.4445598125457764 224
1783175441216 3.5112621784210205 225
1783175441219 3.5054378509521484 226
1783175441222 3.446570634841919 227
1783175441224 3.3208487033843994 228
1783175441227 3.5189099311828613 229
1783175441229 3.3537607192993164 230
1783175441232 3.335399866104126 231
1783175441234 3.335244655609131 232
1783175441236 3.2939224243164062 233
1783175441239 3.401099443435669 234
1783175441242 3.6600208282470703 235
1783175441246 3.2882485389709473 236
1783175441249 3.3236653804779053 237
1783175441253 3.32576322555542 238
1783175441257 3.5261282920837402 239
1783175441260 3.5164310932159424 240
1783175441264 3.4299278259277344 241
1783175441266 3.4258227348327637 242
1783175441268 3.636709690093994 243
1783175441270 3.2391200065612793 244
1783175441272 3.221752882003784 245
1783175441274 3.5251009464263916 246
1783175441276 3.2907001972198486 247
1783175441368 3.211820125579834 248
1783175441371 3.3907015323638916 249
1783175441373 3.427990436553955 250
1783175441375 3.220235586166382 251
1783175441378 3.503384828567505 252
1783175441380 3.4464328289031982 253
1783175441382 3.216555118560791 254
1783175441384 3.205399990081787 255
1783175441387 3.2921037673950195 256
1783175441389 3.5046005249023438 257
1783175441391 3.328709602355957 258
1783175441393 3.374143123626709 259
1783175441396 3.226262092590332 260
1783175441398 3.510669469833374 261
1783175441400 3.1853291988372803 262
1783175441402 3.008866548538208 263
1783175441405 3.268019199371338 264
1783175441407 3.4214582443237305 265
1783175441409 3.358203411102295 266
1783175441412 3.351686477661133 267
1783175441415 3.4703173637390137 268
1783175441417 3.140806198120117 269
1783175441420 3.3733038902282715 270
1783175441423 3.3244357109069824 271
1783175441425 3.6000304222106934 272
1783175441428 3.366351842880249 273
1783175441430 3.3115901947021484 274
1783175441432 3.226069211959839 275
1783175441434 3.1968772411346436 276
1783175441437 3.237017869949341 277
1783175441439 3.0962560176849365 278
1783175441441 3.4277005195617676 279
1783175441444 3.149343967437744 280
1783175441446 3.3183579444885254 281
1783175441448 3.229477643966675 282
1783175441451 3.3404746055603027 283
1783175441453 3.333573579788208 284
1783175441455 3.4225878715515137 285
1783175441458 3.366694450378418 286
1783175441460 3.306382894515991 287
1783175441462 3.3738322257995605 288
1783175441465 3.1061134338378906 289
1783175441468 3.3693315982818604 290
1783175441470 3.2759344577789307 291
1783175441473 3.1785688400268555 292
1783175441475 3.3830406665802 293
1783175441478 3.4938275814056396 294
1783175441480 3.3143224716186523 295
1783175441483 3.315721035003662 296
1783175441485 3.034420967102051 297
1783175441487 3.4075143337249756 298
1783175441490 3.0072975158691406 299
1783175441492 3.2024123668670654 300
1783175441494 3.256657361984253 301
1783175441497 3.2812516689300537 302
1783175441500 3.192913055419922 303
1783175441503 3.099151134490967 304
1783175441505 3.297672748565674 305
1783175441508 3.3482065200805664 306
1783175441510 3.150623321533203 307
1783175441512 3.3886287212371826 308
1783175441514 3.50266432762146 309
1783175441517 3.3334171772003174 310
1783175441519 3.092817544937134 311
1783175441521 3.085099458694458 312
1783175441524 3.45942759513855 313
1783175441526 3.4440150260925293 314
1783175441528 3.3868932723999023 315
1783175441530 3.202651023864746 316
1783175441533 3.122708559036255 317
1783175441535 3.15773344039917 318
1783175441537 3.2260923385620117 319
1783175441540 3.2403767108917236 320
1783175441542 3.0444393157958984 321
1783175441545 3.2308664321899414 322
1783175441547 3.3033607006073 323
1783175441550 3.2494258880615234 324
1783175441553 3.2666985988616943 325
1783175441556 2.999284267425537 326
1783175441558 3.274174213409424 327
1783175441561 3.2600789070129395 328
1783175441563 3.1837427616119385 329
1783175441565 3.216279983520508 330
1783175441568 3.216686248779297 331
1783175441570 3.2000622749328613 332
1783175441573 3.2430663108825684 333
1783175441575 3.332298755645752 334
1783175441577 3.3191566467285156 335
1783175441580 3.2082016468048096 336
1783175441582 3.099804401397705 337
1783175441585 3.492856979370117 338
1783175441587 3.245156764984131 339
1783175441589 3.3104407787323 340
1783175441592 3.0929996967315674 341
1783175441594 3.0759010314941406 342
1783175441597 3.1592254638671875 343
1783175441599 3.0551819801330566 344
1783175441602 3.1731934547424316 345
1783175441604 3.0741307735443115 346
1783175441607 2.9924426078796387 347
1783175441610 3.180842161178589 348
1783175441612 3.395451307296753 349
1783175441614 3.071280002593994 350
1783175441616 3.3246588706970215 351
1783175441619 3.1965370178222656 352
1783175441621 3.217318058013916 353
1783175441623 3.2886462211608887 354
1783175441626 3.119000196456909 355
1783175441628 3.2244362831115723 356
1783175441630 2.9647226333618164 357
1783175441633 3.2728896141052246 358
1783175441636 3.233898878097534 359
1783175441640 3.2280068397521973 360
1783175441644 3.362771511077881 361
1783175441647 3.3313636779785156 362
1783175441650 3.2464656829833984 363
1783175441652 3.024916410446167 364
1783175441655 3.293227195739746 365
1783175441657 3.1195170879364014 366
1783175441659 3.0823819637298584 367
1783175441662 3.176466226577759 368
1783175441665 3.220285654067993 369
1783175441667 3.0814552307128906 370
1783175441669 3.0599446296691895 371
