1782830836972 0.9128833333331813 0
1782830840278 0.9574499999998405 1
1782830843664 0.9671833333331722 2
1782830846997 0.9722333333331713 3
1782830850361 0.9752999999998375 4
1782830853621 0.9782666666665036 5
1782830856966 0.98003333333317 6
1782830860214 0.9813999999998365 7
1782830863430 0.9819833333331697 8
1782830866703 0.9829999999998362 9
1782830869854 0.983949999999836 10
1782830873076 0.9851166666665025 11
1782830876249 0.9853999999998359 12
1782830879379 0.9869333333331689 13
1782830882572 0.9870666666665022 14
1782830885786 0.9867333333331689 15
1782830888959 0.988016666666502 16
1782830892228 0.9885833333331686 17
1782830895733 0.9893999999998352 18
1782830898939 0.9886166666665019 19
1782830902133 0.9896333333331684 20
1782830905374 0.9908833333331682 21
1782830908583 0.9892166666665019 22
1782830911892 0.9974666666665005 23
1782830915167 0.9990833333331669 24
1782830918491 0.9993999999998335 25
1782830921803 0.9993999999998335 26
1782830925136 0.9997166666665 27
1782830928506 0.9997333333331667 28
1782830931852 0.9997499999998334 29
1782830935092 0.9998166666665 30
1782830938454 0.9998999999998334 31
1782830941837 0.9998999999998334 32
1782830945153 0.9998666666665 33
1782830948466 0.9998666666665 34
1782830951868 0.9999333333331667 35
1782830955236 0.9998666666665 36
1782830958501 0.9999999999998334 37
1782830961859 0.9999999999998334 38
1782830965035 0.9999999999998334 39
1782830968562 0.9999999999998334 40
1782830971970 0.9999999999998334 41
1782830975350 0.9999999999998334 42
1782830978702 0.9999999999998334 43
1782830982089 0.9999999999998334 44
1782830985427 0.9999999999998334 45
1782830988838 0.9999999999998334 46
1782830992078 0.9999999999998334 47
1782830995374 0.9999999999998334 48
1782830998917 0.9999999999998334 49
1782831002356 0.9999999999998334 50
1782831005692 0.9999999999998334 51
1782831009165 0.9999999999998334 52
1782831012574 0.9999999999998334 53
1782831015843 0.9999999999998334 54
1782831019265 0.9999999999998334 55
1782831022658 0.9999999999998334 56
1782831026170 0.9999999999998334 57
1782831030044 0.9999999999998334 58
1782831034114 0.9999999999998334 59
1782831037493 0.9999999999998334 60
1782831040925 0.9999999999998334 61
1782831044867 0.9999999999998334 62
1782831048381 0.9999999999998334 63
1782831052344 0.9999999999998334 64
1782831055883 0.9999999999998334 65
1782831060101 0.9999999999998334 66
1782831064063 0.9999999999998334 67
1782831067837 0.9999999999998334 68
1782831071568 0.9999999999998334 69
1782831075097 0.9999999999998334 70
1782831078904 0.9999999999998334 71
1782831082629 0.9999999999998334 72
1782831086197 0.9999999999998334 73
1782831089815 0.9999999999998334 74
1782831093530 0.9999999999998334 75
1782831097314 0.9999999999998334 76
1782831100961 0.9999999999998334 77
1782831104799 0.9999999999998334 78
1782831108220 0.9999999999998334 79
1782831111898 0.9999999999998334 80
1782831115420 0.9999999999998334 81
1782831118794 0.9999999999998334 82
1782831122164 0.9999999999998334 83
1782831125675 0.9999999999998334 84
1782831129589 0.9999999999998334 85
1782831133133 0.9999999999998334 86
1782831136996 0.9999999999998334 87
1782831140711 0.9999999999998334 88
1782831144400 0.9999999999998334 89
1782831147998 0.9999999999998334 90
1782831151867 0.9999999999998334 91
1782831155635 0.9999999999998334 92
1782831159359 0.9999999999998334 93
1782831163116 0.9999999999998334 94
1782831166711 0.9999999999998334 95
1782831170679 0.9999999999998334 96
1782831174272 0.9999999999998334 97
1782831177877 0.9999999999998334 98
1782831181575 0.9999999999998334 99
