1783177125645 0.280823207812252 0
1783177132141 0.13932431244080465 1
1783177137852 0.1064372807575301 2
1783177144139 0.08872912895832387 3
1783177150414 0.07707591459750379 4
1783177156178 0.06661046483181593 5
1783177162705 0.06395844006984687 6
1783177168684 0.056585300825754456 7
1783177174003 0.05116034038211097 8
1783177179513 0.05087053135222556 9
1783177185360 0.04669823912706078 10
1783177190882 0.044235888359812875 11
1783177196906 0.042903635552672625 12
1783177202984 0.0397194183648997 13
1783177208733 0.037854304568273454 14
1783177214114 0.036310753962959165 15
1783177220185 0.00999496201320816 16
1783177226658 0.0060221478527123385 17
1783177233384 0.004940322767904912 18
1783177265574 0.0043326652444088355 19
1783177332232 0.0036710370761044698 20
1783177399498 0.0030632093949181922 21
1783177474104 0.0026757350127884906 22
1783177545790 0.002518985445452832 23
1783177601021 0.0021149877195875866 24
1783177669518 0.0018871654373354737 25
1783177759961 0.001661086498103889 26
1783177828207 0.0014695315401790589 27
1783177893000 0.0013521559288330273 28
1783177967835 0.0014200935133064734 29
1783177993737 0.001035694169095065 30
1783178009249 0.0006483520016652298 31
1783178081733 0.0005578362599900436 32
1783178145954 0.0005270196893353322 33
1783178209384 0.0005140831385308521 34
1783178297287 0.0004893236589436331 35
1783178371799 0.00047885611587305475 36
1783178451919 0.00046421328041078855 37
1783178520097 0.00045696568483211077 38
1783178590938 0.0004447103655599681 39
1783178661130 0.000435280120806652 40
1783178738286 0.00042302231836012597 41
1783178802056 0.00039217053627180605 42
1783178872844 0.00038865881112331717 43
1783178933115 0.00038666233021182595 44
1783178939362 0.0003854414776122498 45
1783178945846 0.0003839891811826858 46
1783178952512 0.00038295034758467655 47
1783178958772 0.0003820538566899977 48
1783178964277 0.0003807487385321495 49
1783178970140 0.0003799838225403438 50
1783178976690 0.00037901293373231735 51
1783178981962 0.0003783435256128827 52
1783178988942 0.0003738854111688314 53
1783178995570 0.00037380730654435835 54
1783179001269 0.0003737134962789319 55
1783179049960 0.00037362629527537355 56
1783179103043 0.00037351957248992493 57
1783179169512 0.00037343302611606623 58
1783179226163 0.000373333549303245 59
1783179265530 0.00037323227108900306 60
1783179334060 0.0003731204462208889 61
1783179390900 0.00037303926384024255 62
1783179449686 0.0003729514293334096 63
1783179497849 0.00037253629126930606 64
1783179563823 0.00037253240068664095 65
1783179644380 0.00037252510328097786 66
1783179709762 0.00037252032992996924 67
1783179791885 0.00037251472614695914 68
1783179838859 0.0003725110148196857 69
1783179896194 0.00037250576462668713 70
1783179959689 0.00037249916964716766 71
1783180029290 0.00037249257721335414 72
1783180083558 0.00037248876955125744 73
1783180138093 0.0003724849170894526 74
1783180184902 0.000372477606804977 75
1783180237504 0.00037247137172283375 76
1783180261131 0.0003724676040612576 77
1783180360231 0.00037246380399783756 78
1783180409840 0.0003724578432892024 79
1783180415684 0.0003724527059920237 80
1783180421499 0.00037244926243273094 81
1783180427781 0.0003724420821590905 82
1783180433095 0.0003724382598652628 83
1783180438556 0.0003724336210377103 84
1783180445114 0.00037242815689243443 85
1783180451379 0.0003724254211585195 86
1783180456649 0.00037241715729078304 87
1783180462653 0.0003724112642157247 88
1783180468402 0.0003724100762329722 89
1783180473335 0.0003724025925295484 90
1783180478252 0.0003723972952548589 91
1783180483605 0.0003723925315131241 92
1783180489144 0.0003723878423244814 93
1783180495356 0.0003723817229019078 94
1783180500882 0.00037237755082243564 95
1783180505766 0.00037237355739678883 96
1783180511460 0.00037236702275518665 97
1783180517921 0.00037236348877651515 98
1783180522412 0.0003723589077146545 99
