1783272898043 0.17993820235968527 0
1783272949258 0.0796886350526881 1
1783273001071 0.061440333677904205 2
1783273055171 0.05314438212071142 3
1783273107343 0.0459780015448683 4
1783273162839 0.042526989405200784 5
1783273211728 0.04013802812742782 6
1783273262970 0.03548225247913209 7
1783273315274 0.03209513462371693 8
1783273363470 0.03160350851919527 9
1783273414207 0.029178949986969228 10
1783273464066 0.028930745719405196 11
1783273514005 0.026963298270426234 12
1783273562897 0.025871759564479745 13
1783273614734 0.022948618997716733 14
1783273663476 0.023787040692410888 15
1783273709937 0.02265600266457375 16
1783273755618 0.021827137582707174 17
1783273802584 0.022285981653830562 18
1783273851450 0.01903241377615522 19
