1782990215788 0.9128833333331813 0
1782990219029 0.9574499999998405 1
1782990222391 0.9671833333331722 2
1782990225690 0.9722333333331713 3
1782990229089 0.9752999999998375 4
1782990232289 0.9782666666665036 5
1782990235805 0.98003333333317 6
1782990238986 0.9813999999998365 7
1782990242208 0.9819833333331697 8
1782990245308 0.9829999999998362 9
1782990248624 0.983949999999836 10
1782990251937 0.9851166666665025 11
1782990255322 0.9853999999998359 12
1782990258714 0.9869333333331689 13
1782990262084 0.9870666666665022 14
1782990265740 0.9867333333331689 15
1782990268982 0.988016666666502 16
1782990272371 0.9885833333331686 17
1782990275822 0.9893999999998352 18
1782990279321 0.9886166666665019 19
1782990282936 0.9896333333331684 20
1782990286289 0.9908833333331682 21
1782990289640 0.9892166666665019 22
1782990293164 0.9974666666665005 23
1782990296675 0.9990833333331669 24
1782990300272 0.9993999999998335 25
1782990303661 0.9993999999998335 26
1782990307040 0.9997166666665 27
1782990310456 0.9997333333331667 28
1782990313912 0.9997499999998334 29
1782990317359 0.9998166666665 30
1782990320951 0.9998999999998334 31
1782990324335 0.9998999999998334 32
1782990327712 0.9998666666665 33
1782990330997 0.9998666666665 34
1782990334294 0.9999333333331667 35
1782990337645 0.9998666666665 36
1782990340912 0.9999999999998334 37
1782990344192 0.9999999999998334 38
1782990347642 0.9999999999998334 39
1782990350946 0.9999999999998334 40
1782990354487 0.9999999999998334 41
1782990357933 0.9999999999998334 42
1782990361538 0.9999999999998334 43
1782990364897 0.9999999999998334 44
1782990368152 0.9999999999998334 45
1782990371485 0.9999999999998334 46
1782990374881 0.9999999999998334 47
1782990378539 0.9999999999998334 48
1782990381980 0.9999999999998334 49
1782990385457 0.9999999999998334 50
1782990389060 0.9999999999998334 51
1782990392796 0.9999999999998334 52
1782990396264 0.9999999999998334 53
1782990399531 0.9999999999998334 54
1782990402814 0.9999999999998334 55
1782990406070 0.9999999999998334 56
1782990409520 0.9999999999998334 57
1782990412907 0.9999999999998334 58
1782990416377 0.9999999999998334 59
1782990419982 0.9999999999998334 60
1782990423554 0.9999999999998334 61
1782990427416 0.9999999999998334 62
1782990431320 0.9999999999998334 63
1782990434930 0.9999999999998334 64
1782990438686 0.9999999999998334 65
1782990442280 0.9999999999998334 66
1782990445938 0.9999999999998334 67
1782990449637 0.9999999999998334 68
1782990453309 0.9999999999998334 69
1782990456911 0.9999999999998334 70
1782990460539 0.9999999999998334 71
1782990463912 0.9999999999998334 72
1782990467498 0.9999999999998334 73
1782990470995 0.9999999999998334 74
1782990474626 0.9999999999998334 75
1782990478171 0.9999999999998334 76
1782990481966 0.9999999999998334 77
1782990485583 0.9999999999998334 78
1782990489162 0.9999999999998334 79
1782990493084 0.9999999999998334 80
1782990496618 0.9999999999998334 81
1782990500025 0.9999999999998334 82
1782990503461 0.9999999999998334 83
1782990507242 0.9999999999998334 84
1782990510809 0.9999999999998334 85
1782990514288 0.9999999999998334 86
1782990517776 0.9999999999998334 87
1782990521456 0.9999999999998334 88
1782990525276 0.9999999999998334 89
1782990528825 0.9999999999998334 90
1782990532224 0.9999999999998334 91
1782990535619 0.9999999999998334 92
1782990539255 0.9999999999998334 93
1782990542717 0.9999999999998334 94
1782990546714 0.9999999999998334 95
1782990550472 0.9999999999998334 96
1782990553930 0.9999999999998334 97
1782990557649 0.9999999999998334 98
1782990561063 0.9999999999998334 99
