1783195270328 0.415619659115641 0
1783195275599 0.336006437135931 1
1783195281039 0.3238208967102185 2
1783195286635 0.31641618073115874 3
1783195291952 0.310578234837783 4
1783195297249 0.306269923816478 5
1783195302736 0.30355945562459064 6
1783195308315 0.30074383436976415 7
1783195313697 0.2980825408442812 8
1783195319201 0.2957060612593218 9
1783195324795 0.2943828805013692 10
1783195330563 0.29068581922197284 11
1783195336277 0.28988029960239303 12
1783195341840 0.2890273314758622 13
1783195347277 0.28767290144409297 14
1783195352567 0.2883391069367051 15
1783195357925 0.2850803039624984 16
1783195363468 0.28393849298603896 17
1783195368868 0.2848727527950909 18
1783195374602 0.28240770690389855 19
