1782831187933 0.9148999999998476 0
1782831193104 0.9566499999998406 1
1782831198681 0.9652333333331725 2
1782831205291 0.9716833333331715 3
1782831211080 0.9739166666665043 4
1782831216322 0.9762499999998373 5
1782831221697 0.9775833333331705 6
1782831226966 0.9811166666665032 7
1782831231850 0.9811999999998365 8
1782831237075 0.9821999999998363 9
1782831242389 0.9831999999998362 10
1782831247674 0.9844833333331693 11
1782831252646 0.9832833333331695 12
1782831258131 0.9864499999998356 13
1782831263486 0.9846499999998359 14
1782831268598 0.986483333333169 15
1782831273875 0.9872666666665022 16
1782831279344 0.996349999999834 17
1782831285126 0.9981999999998337 18
1782831291198 0.9988666666665003 19
1782831297353 0.9990999999998336 20
1782831303141 0.9995166666665001 21
1782831309263 0.9996499999998334 22
1782831315870 0.9998166666665 23
1782831321703 0.9997499999998334 24
1782831328034 0.9997833333331667 25
1782831333173 0.9999333333331667 26
1782831338453 0.9998999999998334 27
1782831344493 0.9998166666665 28
1782831349881 0.9998999999998334 29
1782831355304 0.9999666666665 30
1782831360918 0.9999833333331667 31
1782831366239 0.9999833333331667 32
1782831371305 0.9999833333331667 33
1782831376340 0.9999999999998334 34
1782831381604 0.9999999999998334 35
1782831386796 0.9999999999998334 36
1782831392611 0.9999999999998334 37
1782831398780 0.9999999999998334 38
1782831405427 0.9999999999998334 39
1782831410708 0.9999999999998334 40
1782831415866 0.9999999999998334 41
1782831421010 0.9999999999998334 42
1782831426210 0.9999999999998334 43
1782831431658 0.9999999999998334 44
1782831437543 0.9999999999998334 45
1782831443802 0.9999999999998334 46
1782831449294 0.9999999999998334 47
1782831454461 0.9999999999998334 48
1782831460236 0.9999999999998334 49
1782831465966 0.9999999999998334 50
1782831472109 0.9999999999998334 51
1782831477987 0.9999999999998334 52
1782831483658 0.9999999999998334 53
1782831489200 0.9999999999998334 54
1782831494426 0.9999999999998334 55
1782831500045 0.9999999999998334 56
1782831506141 0.9999999999998334 57
1782831511930 0.9999999999998334 58
1782831517652 0.9999999999998334 59
1782831524103 0.9999999999998334 60
1782831529805 0.9999999999998334 61
1782831535306 0.9999999999998334 62
1782831540625 0.9999999999998334 63
1782831545858 0.9999999999998334 64
1782831550905 0.9999999999998334 65
1782831556188 0.9999999999998334 66
1782831561537 0.9999999999998334 67
1782831567012 0.9999999999998334 68
1782831572371 0.9999999999998334 69
1782831577833 0.9999999999998334 70
1782831583534 0.9999999999998334 71
1782831589670 0.9999999999998334 72
1782831596085 0.9999999999998334 73
1782831602357 0.9999999999998334 74
1782831608049 0.9999999999998334 75
1782831613509 0.9999999999998334 76
1782831619435 0.9999999999998334 77
1782831625083 0.9999999999998334 78
1782831631079 0.9999999999998334 79
1782831636842 0.9999999999998334 80
1782831642864 0.9999999999998334 81
1782831648295 0.9999999999998334 82
1782831653509 0.9999999999998334 83
1782831658694 0.9999999999998334 84
1782831664766 0.9999999999998334 85
1782831670541 0.9999999999998334 86
1782831675787 0.9999999999998334 87
1782831681054 0.9999999999998334 88
1782831686279 0.9999999999998334 89
1782831691389 0.9999999999998334 90
1782831696510 0.9999999999998334 91
1782831701592 0.9999999999998334 92
1782831706707 0.9999999999998334 93
1782831712145 0.9999999999998334 94
1782831717397 0.9999999999998334 95
1782831722650 0.9999999999998334 96
1782831728051 0.9999999999998334 97
1782831733353 0.9999999999998334 98
1782831738627 0.9999999999998334 99
