1783174380452 4.852292537689209 0
1783174380455 4.852056980133057 1
1783174380458 4.851536273956299 2
1783174380460 4.8514323234558105 3
1783174380463 4.851227760314941 4
1783174380466 4.851282596588135 5
1783174380470 4.850249290466309 6
1783174380473 4.848630905151367 7
1783174380475 4.84852409362793 8
1783174380478 4.848069667816162 9
1783174380481 4.8475847244262695 10
1783174380484 4.846230983734131 11
1783174380486 4.841536521911621 12
1783174380488 4.845005035400391 13
1783174380491 4.839417934417725 14
1783174380493 4.842313766479492 15
1783174380495 4.834489345550537 16
1783174380497 4.835244655609131 17
1783174380500 4.828251361846924 18
1783174380502 4.829571723937988 19
1783174380504 4.819642066955566 20
1783174380506 4.812933444976807 21
1783174380509 4.822317600250244 22
1783174380511 4.8104753494262695 23
1783174380513 4.799757957458496 24
1783174380516 4.803304672241211 25
1783174380519 4.785552024841309 26
1783174380521 4.808635234832764 27
1783174380524 4.79597806930542 28
1783174380527 4.777031421661377 29
1783174380529 4.779329776763916 30
1783174380532 4.77085018157959 31
1783174380535 4.740848541259766 32
1783174380537 4.741018295288086 33
1783174380540 4.752137660980225 34
1783174380543 4.751987934112549 35
1783174380546 4.743555068969727 36
1783174380549 4.674398422241211 37
1783174380552 4.706982612609863 38
1783174380555 4.687714099884033 39
1783174380558 4.6680707931518555 40
1783174380561 4.659459114074707 41
1783174380563 4.666962146759033 42
1783174380566 4.6938676834106445 43
1783174380569 4.651885509490967 44
1783174380572 4.675959587097168 45
1783174380574 4.627417087554932 46
1783174380577 4.662334442138672 47
1783174380580 4.606165885925293 48
1783174380583 4.55074405670166 49
1783174380585 4.590334415435791 50
1783174380589 4.5501179695129395 51
1783174380591 4.404253005981445 52
1783174380594 4.577332019805908 53
1783174380597 4.596418380737305 54
1783174380599 4.385982513427734 55
1783174380603 4.539095878601074 56
1783174380606 4.469995975494385 57
1783174380608 4.432338237762451 58
1783174380611 4.397006988525391 59
1783174380614 4.409416675567627 60
1783174380616 4.377318859100342 61
1783174380619 4.450533390045166 62
1783174380621 4.379714488983154 63
1783174380623 4.497111797332764 64
1783174380625 4.321592330932617 65
1783174380627 4.454371929168701 66
1783174380630 4.288959980010986 67
1783174380632 4.346399307250977 68
1783174380634 4.2587385177612305 69
1783174380636 4.444055557250977 70
1783174380639 4.36016321182251 71
1783174380641 4.253947734832764 72
1783174380643 4.453135013580322 73
1783174380646 4.4330949783325195 74
1783174380648 4.089755058288574 75
1783174380650 4.266986846923828 76
1783174380652 4.097198963165283 77
1783174380655 4.197086811065674 78
1783174380657 4.222038269042969 79
1783174380659 4.200213432312012 80
1783174380661 4.292182922363281 81
1783174380664 4.13683557510376 82
1783174380666 4.245964050292969 83
1783174380668 4.232827663421631 84
1783174380670 4.275118350982666 85
1783174380673 4.16070032119751 86
1783174380675 4.019283771514893 87
1783174380677 4.116095066070557 88
1783174380679 4.1674089431762695 89
1783174380681 4.162682056427002 90
1783174380683 4.2488789558410645 91
1783174380686 4.131039619445801 92
1783174380688 4.196906089782715 93
1783174380690 4.08070707321167 94
1783174380692 4.100771427154541 95
1783174380695 4.1570234298706055 96
1783174380697 4.08990478515625 97
1783174380699 3.942654609680176 98
1783174380701 3.918487787246704 99
1783174380704 4.058357238769531 100
1783174380706 3.9912638664245605 101
1783174380708 4.059093475341797 102
1783174380711 4.012343883514404 103
1783174380713 3.932873010635376 104
1783174380715 4.169150352478027 105
1783174380717 3.932119131088257 106
1783174380719 3.992866039276123 107
1783174380722 3.9343347549438477 108
1783174380725 3.994480848312378 109
1783174380727 3.908374309539795 110
1783174380729 3.862250804901123 111
1783174380731 3.9415664672851562 112
1783174380733 3.8394203186035156 113
1783174380736 3.818256139755249 114
1783174380738 3.9519615173339844 115
1783174380741 3.818608283996582 116
1783174380743 4.101430892944336 117
1783174380745 3.9330809116363525 118
1783174380747 3.8470587730407715 119
1783174380749 3.791592836380005 120
1783174380752 4.033054828643799 121
1783174380754 3.884167432785034 122
1783174380756 3.805281162261963 123
1783174380878 3.880462646484375 124
1783174380881 3.8631911277770996 125
1783174380883 3.7481281757354736 126
1783174380885 3.8016607761383057 127
1783174380887 3.734133005142212 128
1783174380889 3.7368035316467285 129
1783174380892 3.7329797744750977 130
1783174380894 3.9034273624420166 131
1783174380896 3.9436705112457275 132
1783174380898 3.9189651012420654 133
1783174380901 3.7737603187561035 134
1783174380903 3.6082890033721924 135
1783174380905 3.5655269622802734 136
1783174380907 3.6716272830963135 137
1783174380910 3.712346315383911 138
1783174380912 3.716662883758545 139
1783174380914 3.733431816101074 140
1783174380917 3.8137259483337402 141
1783174380919 3.6043760776519775 142
1783174380921 3.6692962646484375 143
1783174380923 3.9242324829101562 144
1783174380926 3.8107101917266846 145
1783174380928 3.6596755981445312 146
1783174380930 3.729301929473877 147
1783174380932 3.662651777267456 148
1783174380935 3.682800769805908 149
1783174380937 3.5156283378601074 150
1783174380940 3.6464083194732666 151
1783174380942 3.8922982215881348 152
1783174380945 3.574148654937744 153
1783174380948 3.741757392883301 154
1783174380951 3.8863749504089355 155
1783174380953 3.507573366165161 156
1783174380956 3.721205949783325 157
1783174380959 3.4577231407165527 158
1783174380961 3.745337724685669 159
1783174380963 3.5421769618988037 160
1783174380966 3.6094720363616943 161
1783174380968 3.668987989425659 162
1783174380970 3.790454864501953 163
1783174380972 3.552293539047241 164
1783174380974 3.5514700412750244 165
1783174380976 3.7168142795562744 166
1783174380979 3.5558829307556152 167
1783174380981 3.460965156555176 168
1783174380983 3.6998796463012695 169
1783174380985 3.694720506668091 170
1783174380987 3.547410249710083 171
1783174380990 3.586358070373535 172
1783174380992 3.689058303833008 173
1783174380994 3.563805103302002 174
1783174380996 3.7796688079833984 175
1783174380999 3.817774772644043 176
1783174381002 3.3831100463867188 177
1783174381004 3.708064317703247 178
1783174381007 3.612368106842041 179
1783174381010 3.526254653930664 180
1783174381013 3.4703056812286377 181
1783174381015 3.5005154609680176 182
1783174381018 3.513502359390259 183
1783174381021 3.3917927742004395 184
1783174381024 3.5161213874816895 185
1783174381026 3.4036357402801514 186
1783174381029 3.5450754165649414 187
1783174381032 3.48574161529541 188
1783174381035 3.5088701248168945 189
1783174381037 3.6240627765655518 190
1783174381040 3.539395570755005 191
1783174381043 3.532905340194702 192
1783174381045 3.640315294265747 193
1783174381048 3.635136842727661 194
1783174381050 3.697042942047119 195
1783174381052 3.415602684020996 196
1783174381055 3.4823107719421387 197
1783174381057 3.453608274459839 198
1783174381059 3.4279160499572754 199
1783174381061 3.535355567932129 200
1783174381063 3.4198169708251953 201
1783174381066 3.647629737854004 202
1783174381068 3.54156494140625 203
1783174381070 3.4012885093688965 204
1783174381072 3.582759141921997 205
1783174381074 3.484537124633789 206
1783174381077 3.2771880626678467 207
1783174381079 3.451636791229248 208
1783174381081 3.609907627105713 209
1783174381083 3.542691946029663 210
1783174381085 3.3032639026641846 211
1783174381088 3.4860916137695312 212
1783174381090 3.3137145042419434 213
1783174381092 3.568864107131958 214
1783174381094 3.520902633666992 215
1783174381096 3.540431261062622 216
1783174381099 3.376472234725952 217
1783174381103 3.526878595352173 218
1783174381105 3.5489275455474854 219
1783174381108 3.389908790588379 220
1783174381111 3.4634933471679688 221
1783174381113 3.220421552658081 222
1783174381116 3.2459263801574707 223
1783174381119 3.4445598125457764 224
1783174381121 3.5112621784210205 225
1783174381123 3.5054378509521484 226
1783174381126 3.446570634841919 227
1783174381128 3.3208487033843994 228
1783174381130 3.5189099311828613 229
1783174381132 3.3537607192993164 230
1783174381134 3.335399866104126 231
1783174381136 3.335244655609131 232
1783174381139 3.2939224243164062 233
1783174381141 3.401099443435669 234
1783174381143 3.6600208282470703 235
1783174381145 3.2882485389709473 236
1783174381148 3.3236653804779053 237
1783174381150 3.32576322555542 238
1783174381152 3.5261282920837402 239
1783174381154 3.5164310932159424 240
1783174381156 3.4299278259277344 241
1783174381159 3.4258227348327637 242
1783174381161 3.636709690093994 243
1783174381163 3.2391200065612793 244
1783174381165 3.221752882003784 245
1783174381167 3.5251009464263916 246
1783174381170 3.2907001972198486 247
1783174381293 3.211820125579834 248
1783174381295 3.3907015323638916 249
1783174381297 3.427990436553955 250
1783174381300 3.220235586166382 251
1783174381302 3.503384828567505 252
1783174381304 3.4464328289031982 253
1783174381306 3.216555118560791 254
1783174381308 3.205399990081787 255
1783174381310 3.2921037673950195 256
1783174381313 3.5046005249023438 257
1783174381315 3.328709602355957 258
1783174381317 3.374143123626709 259
1783174381319 3.226262092590332 260
1783174381322 3.510669469833374 261
1783174381324 3.1853291988372803 262
1783174381326 3.008866548538208 263
1783174381328 3.268019199371338 264
1783174381331 3.4214582443237305 265
1783174381333 3.358203411102295 266
1783174381335 3.351686477661133 267
1783174381337 3.4703173637390137 268
1783174381339 3.140806198120117 269
1783174381342 3.3733038902282715 270
1783174381344 3.3244357109069824 271
1783174381346 3.6000304222106934 272
1783174381349 3.366351842880249 273
1783174381351 3.3115901947021484 274
1783174381354 3.226069211959839 275
1783174381357 3.1968772411346436 276
1783174381359 3.237017869949341 277
1783174381362 3.0962560176849365 278
1783174381364 3.4277005195617676 279
1783174381367 3.149343967437744 280
1783174381369 3.3183579444885254 281
1783174381371 3.229477643966675 282
1783174381373 3.3404746055603027 283
1783174381375 3.333573579788208 284
1783174381377 3.4225878715515137 285
1783174381380 3.366694450378418 286
1783174381382 3.306382894515991 287
1783174381384 3.3738322257995605 288
1783174381386 3.1061134338378906 289
1783174381389 3.3693315982818604 290
1783174381391 3.2759344577789307 291
1783174381393 3.1785688400268555 292
1783174381395 3.3830406665802 293
1783174381398 3.4938275814056396 294
1783174381400 3.3143224716186523 295
1783174381402 3.315721035003662 296
1783174381405 3.034420967102051 297
1783174381407 3.4075143337249756 298
1783174381410 3.0072975158691406 299
1783174381412 3.2024123668670654 300
1783174381414 3.256657361984253 301
1783174381416 3.2812516689300537 302
1783174381419 3.192913055419922 303
1783174381422 3.099151134490967 304
1783174381425 3.297672748565674 305
1783174381427 3.3482065200805664 306
1783174381432 3.150623321533203 307
1783174381435 3.3886287212371826 308
1783174381437 3.50266432762146 309
1783174381440 3.3334171772003174 310
1783174381443 3.092817544937134 311
1783174381446 3.085099458694458 312
1783174381449 3.45942759513855 313
1783174381454 3.4440150260925293 314
1783174381459 3.3868932723999023 315
1783174381463 3.202651023864746 316
1783174381467 3.122708559036255 317
1783174381472 3.15773344039917 318
1783174381477 3.2260923385620117 319
1783174381481 3.2403767108917236 320
1783174381486 3.0444393157958984 321
1783174381491 3.2308664321899414 322
1783174381495 3.3033607006073 323
1783174381498 3.2494258880615234 324
1783174381500 3.2666985988616943 325
1783174381502 2.999284267425537 326
1783174381504 3.274174213409424 327
1783174381506 3.2600789070129395 328
1783174381509 3.1837427616119385 329
1783174381511 3.216279983520508 330
1783174381513 3.216686248779297 331
1783174381515 3.2000622749328613 332
1783174381518 3.2430663108825684 333
1783174381520 3.332298755645752 334
1783174381522 3.3191566467285156 335
1783174381524 3.2082016468048096 336
1783174381527 3.099804401397705 337
1783174381529 3.492856979370117 338
1783174381531 3.245156764984131 339
1783174381534 3.3104407787323 340
1783174381536 3.0929996967315674 341
1783174381538 3.0759010314941406 342
1783174381540 3.1592254638671875 343
1783174381542 3.0551819801330566 344
1783174381545 3.1731934547424316 345
1783174381547 3.0741307735443115 346
1783174381549 2.9924426078796387 347
1783174381552 3.180842161178589 348
1783174381554 3.395451307296753 349
1783174381556 3.071280002593994 350
1783174381559 3.3246588706970215 351
1783174381561 3.1965370178222656 352
1783174381563 3.217318058013916 353
1783174381566 3.2886462211608887 354
1783174381569 3.119000196456909 355
1783174381571 3.2244362831115723 356
1783174381574 2.9647226333618164 357
1783174381577 3.2728896141052246 358
1783174381581 3.233898878097534 359
1783174381586 3.2280068397521973 360
1783174381591 3.362771511077881 361
1783174381595 3.3313636779785156 362
1783174381600 3.2464656829833984 363
1783174381604 3.024916410446167 364
1783174381609 3.293227195739746 365
1783174381613 3.1195170879364014 366
1783174381618 3.0823819637298584 367
1783174381623 3.176466226577759 368
1783174381627 3.220285654067993 369
1783174381631 3.0814552307128906 370
1783174381636 3.0599446296691895 371
