1782830836971 0.2804343284775758 0
1782830840277 0.13701630983912885 1
1782830843663 0.10555569388505896 2
1782830846996 0.08928035311676133 3
1782830850360 0.07722178492532837 4
1782830853620 0.06676626023369313 5
1782830856965 0.0630574354253373 6
1782830860213 0.060389985043706844 7
1782830863430 0.05515267326768255 8
1782830866702 0.049417998364653444 9
1782830869853 0.04913535473245611 10
1782830873075 0.04586117928599694 11
1782830876248 0.04261062596047777 12
1782830879379 0.03988346984070836 13
1782830882572 0.03893278059197228 14
1782830885785 0.0392380973166168 15
1782830888958 0.03583005408057266 16
1782830892228 0.03522728188253565 17
1782830895732 0.03221699390985075 18
1782830898938 0.03383543071412089 19
1782830902132 0.03269799316187927 20
1782830905373 0.029266869254577232 21
1782830908582 0.03457987283010082 22
1782830911891 0.007511823271532877 23
1782830915166 0.003766333716781065 24
1782830918490 0.0028037483231311477 25
1782830921802 0.0025007394822783094 26
1782830925135 0.0018276417038924435 27
1782830928505 0.0015855938532317719 28
1782830931851 0.001489587804847109 29
1782830935091 0.0012445467510188203 30
1782830938453 0.0009393382616009225 31
1782830941837 0.0008919879627177073 32
1782830945152 0.0007834471166217304 33
1782830948465 0.0007773689719670906 34
1782830951867 0.000643174114704845 35
1782830955235 0.0007644527068471694 36
1782830958501 0.00040197736719119073 37
1782830961858 0.0003119279381166848 38
1782830965034 0.00028463511759826445 39
1782830968561 0.00026172816810565735 40
1782830971970 0.00025633243813340885 41
1782830975350 0.0002423556480826654 42
1782830978701 0.00023808416666641177 43
1782830982088 0.0002312628451026305 44
1782830985426 0.00022848444131092432 45
1782830988837 0.00021743161474774124 46
1782830992078 0.00021418960704005697 47
1782830995373 0.00019940958374980221 48
1782830998916 0.00019557143067457715 49
1782831002355 0.00019433948394795755 50
1782831005691 0.00019347713558018505 51
1782831009165 0.00019310376553552348 52
1782831012573 0.00019201701339833623 53
1782831015842 0.00019157895954188814 54
1782831019265 0.00019093949433922065 55
1782831022657 0.00019051380603429352 56
1782831026169 0.00018994622410685027 57
1782831030043 0.0001893280151858507 58
1782831034113 0.00018720453525747507 59
1782831037492 0.00018714827063011176 60
1782831040924 0.00018707920930385063 61
1782831044866 0.00018703128246839461 62
1782831048380 0.0001869729212145666 63
1782831052343 0.00018691065418385033 64
1782831055882 0.00018687299078234978 65
1782831060100 0.00018679977907755038 66
1782831064062 0.00018675950295816756 67
1782831067836 0.0001867098141364569 68
1782831071567 0.00018666329827130728 69
1782831075096 0.00018643078363241963 70
1782831078903 0.00018642655899369867 71
1782831082628 0.0001864229798701734 72
1782831086196 0.00018642148013208135 73
1782831089814 0.000186417441504059 74
1782831093529 0.00018641365720311814 75
1782831097313 0.00018640915857036155 76
1782831100960 0.00018640773808972674 77
1782831104799 0.00018640493733565282 78
1782831108219 0.00018640269403012122 79
1782831111897 0.00018639888767962577 80
1782831115419 0.00018639681417793543 81
1782831118793 0.00018639303455059985 82
1782831122163 0.0001863902496761651 83
1782831125675 0.0001863880035489186 84
1782831129588 0.00018638362854375882 85
1782831133132 0.00018638284161620765 86
1782831136996 0.0001863784682872227 87
1782831140710 0.00018637506842883797 88
1782831144399 0.00018637418874393303 89
1782831147997 0.00018636919061851704 90
1782831151866 0.00018636703288585073 91
1782831155634 0.0001863649657283331 92
1782831159358 0.00018636099125780077 93
1782831163115 0.0001863581953067589 94
1782831166709 0.00018635645030657403 95
1782831170678 0.00018635291051048448 96
1782831174271 0.0001863496414394821 97
1782831177876 0.0001863480830697071 98
1782831181574 0.00018634478117867935 99
