1783099731401 1.156489164292747 0
1783099736494 1.0099804098495777 1
1783099741615 0.48276868217140306 2
1783099746871 0.04738122777512526 3
1783099752165 0.001983873135418398 4
1783099757523 0.000715207886561899 5
1783099762801 0.0003151122300507587 6
1783099767527 0.0001536237781746253 7
1783099772099 8.031941043248924e-05 8
1783099777125 4.384686555788999e-05 9
1783099783038 2.4610075827023964e-05 10
1783099788576 1.404793553915934e-05 11
1783099793778 8.11070509972257e-06 12
1783099798690 4.727137222283657e-06 13
1783099804328 2.7905094636377785e-06 14
1783099809978 1.6241776619616744e-06 15
1783099815616 8.954089590490908e-07 16
1783099820924 4.7537857803093453e-07 17
1783099826495 2.5530929133954136e-07 18
1783099832122 1.4265780820407056e-07 19
