1782814176052 0.2716563342032746 0
1782814180029 0.14430675151457414 1
1782814184010 0.10839401949545922 2
1782814187907 0.09834274657647994 3
1782814191747 0.08141703734635415 4
1782814195680 0.07276803271202754 5
1782814199656 0.07247595333469174 6
1782814203965 0.06406010007483985 7
1782814207983 0.06065056199719506 8
1782814211940 0.05502392058958213 9
1782814215841 0.05480280039035858 10
1782814219885 0.052104339036180614 11
1782814223781 0.05038046967556393 12
1782814227707 0.04746218018400912 13
1782814231700 0.04883130471068051 14
1782814235611 0.04195780073030039 15
1782814239581 0.044137803919485255 16
1782814243526 0.041442670459399394 17
1782814247443 0.01061655504119756 18
1782814251360 0.004749850461534372 19
1782814255328 0.003324271593882173 20
1782814259271 0.0022033957657058146 21
1782814263255 0.0015175662934453855 22
1782814267191 0.0013025056988972764 23
1782814271162 0.0008643271267170554 24
1782814275208 0.0008857396729212432 25
1782814279297 0.0005111854884215236 26
1782814283218 0.0006358800343967533 27
1782814288379 0.00044918731825926175 28
1782814292612 0.0005085737789159784 29
1782814296703 0.000385227102361241 30
1782814301367 0.0004131381554682289 31
1782814305649 0.00025201695317445666 32
1782814309764 0.0001242642464163979 33
1782814313770 6.887507056831613e-05 34
1782814317907 4.640292251474624e-05 35
1782814321984 3.5746923870385684e-05 36
1782814326158 2.8487025893813356e-05 37
1782814330264 2.5341377500045888e-05 38
1782814334357 2.0136435317084197e-05 39
1782814338447 1.771674346836677e-05 40
1782814342498 1.503649519378596e-05 41
1782814346763 1.3706351151804664e-05 42
1782814350833 1.0737703104554017e-05 43
1782814354910 1.025277719853189e-05 44
1782814359235 1.0010819754218776e-05 45
1782814363604 9.81956382805362e-06 46
1782814367651 9.640520803571068e-06 47
1782814372022 9.468898517286392e-06 48
1782814377360 9.33303225480518e-06 49
1782814382321 9.178987068151018e-06 50
1782814388102 9.007359185920709e-06 51
1782814393659 8.886355175267463e-06 52
1782814398784 8.731528170811105e-06 53
1782814404033 8.447315976152648e-06 54
1782814408505 8.433316293950004e-06 55
1782814412780 8.417488085279354e-06 56
1782814417057 8.403308293089342e-06 57
1782814421289 8.39347458559582e-06 58
1782814425363 8.374265462398359e-06 59
1782814429656 8.362448816239786e-06 60
1782814433820 8.351160177006858e-06 61
1782814437978 8.334634715386671e-06 62
1782814442274 8.321256657336828e-06 63
1782814446535 8.306870320411134e-06 64
1782814450879 8.28057599159636e-06 65
1782814455038 8.279263540356531e-06 66
1782814459345 8.2782628845383e-06 67
1782814463651 8.277294906421563e-06 68
1782814467960 8.276177003838148e-06 69
1782814472134 8.275360862428765e-06 70
1782814476350 8.274048922784087e-06 71
1782814480588 8.273140944368674e-06 72
1782814484824 8.271893136711066e-06 73
1782814489176 8.270986606385657e-06 74
1782814493446 8.269936030870843e-06 75
1782814497665 8.268992365418224e-06 76
1782814501867 8.268023352457927e-06 77
1782814506206 8.267114495635241e-06 78
1782814510495 8.266052655152684e-06 79
1782814514707 8.265010775351175e-06 80
1782814519065 8.264023279822632e-06 81
1782814523796 8.263044159497789e-06 82
1782814528482 8.262154951229295e-06 83
1782814533046 8.261175987451465e-06 84
1782814537797 8.26003705878288e-06 85
1782814542033 8.259278304056992e-06 86
1782814546319 8.258017639862687e-06 87
1782814550835 8.257228641790838e-06 88
1782814555599 8.25607003527653e-06 89
1782814560377 8.255144917310777e-06 90
1782814564597 8.254144653322758e-06 91
1782814568784 8.253238443061798e-06 92
1782814573480 8.252191766032548e-06 93
1782814577857 8.251133035966211e-06 94
1782814582187 8.250393809713974e-06 95
1782814586455 8.249154601042541e-06 96
1782814590607 8.24837786643714e-06 97
1782814594777 8.247285093817256e-06 98
1782814598932 8.246276536793648e-06 99
