1782838786328 0.904716666666516 0
1782838790074 0.9421166666665097 1
1782838793743 0.9451166666665092 2
1782838798034 0.9477166666665088 3
1782838801806 0.9484999999998419 4
1782838805536 0.9478833333331754 5
1782838809237 0.9512666666665082 6
1782838812939 0.9486333333331752 7
1782838816719 0.9473499999998422 8
1782838820514 0.9485666666665086 9
1782838824313 0.9477666666665088 10
1782838828158 0.9485333333331752 11
1782838831955 0.9486833333331752 12
1782838835818 0.9498999999998418 13
1782838839617 0.9464833333331756 14
1782838843383 0.9478999999998421 15
1782838847208 0.9493333333331752 16
1782838851024 0.9507666666665082 17
1782838854815 0.9488666666665085 18
1782838858606 0.9457833333331758 19
1782838862348 0.9697499999998385 20
1782838866166 0.9751166666665042 21
1782838870003 0.9773499999998372 22
1782838873886 0.9782166666665036 23
1782838877699 0.9795499999998368 24
1782838881505 0.9813999999998365 25
1782838885387 0.9811499999998365 26
1782838889249 0.9827166666665029 27
1782838893120 0.983949999999836 28
1782838896967 0.9843833333331693 29
1782838900826 0.9852333333331692 30
1782838904683 0.9858666666665024 31
1782838908487 0.9862999999998356 32
1782838912316 0.9870166666665022 33
1782838916171 0.9874833333331688 34
1782838920029 0.9881333333331687 35
1782838923922 0.9887499999998353 36
1782838927792 0.9891333333331686 37
1782838931712 0.9897833333331684 38
1782838935551 0.9895999999998352 39
