1783273910597 0.22974332875306813 0
1783273968546 0.0821524580727917 1
1783274030104 0.0634955302664573 2
1783274091538 0.05508158495968012 3
1783274150319 0.05009687271144997 4
1783274211420 0.04562461800100008 5
1783274273948 0.039751139474832324 6
1783274335602 0.036425065410441555 7
1783274394693 0.032750604711189665 8
1783274455411 0.03298248618670883 9
1783274516659 0.028961739526557874 10
1783274578166 0.02747258362796756 11
1783274642702 0.02574535116709348 12
1783274703392 0.025184806706850985 13
1783274768891 0.02398398620290502 14
1783274828510 0.022157020722199806 15
1783274889441 0.0227111782628501 16
1783274946661 0.020217239556492475 17
1783275004556 0.021697360498162954 18
1783275064743 0.018002477163081766 19
