1782828274856 0.2799785792869795 0
1782828277566 0.1381794599759163 1
1782828280311 0.10735943289428812 2
1782828283071 0.08934539374186505 3
1782828285816 0.08056665597198404 4
1782828288536 0.06827669102984234 5
1782828291305 0.06347617024417175 6
1782828294003 0.05931471528827864 7
1782828296729 0.05547390551182037 8
1782828299425 0.05202432257260467 9
1782828302149 0.04672386959190784 10
1782828304869 0.04526063394317867 11
1782828307576 0.044027976668099246 12
1782828310300 0.0414886398638103 13
1782828313009 0.04038396932422231 14
1782828315765 0.038336706946579334 15
1782828318453 0.011241765891890292 16
1782828321144 0.006025650583767491 17
1782828323836 0.005042631698996074 18
1782828326561 0.004306685066865926 19
1782828329315 0.0036442328342368427 20
1782828332009 0.003054822612641225 21
1782828334715 0.002682030195307809 22
1782828337467 0.0024291741472330813 23
1782828340202 0.0021398075244815594 24
1782828342958 0.0017513859794524825 25
1782828345737 0.0017706657306058183 26
1782828348469 0.0014141156853423196 27
1782828351172 0.0013188613968069447 28
1782828353867 0.0012325069971339169 29
1782828356686 0.0010725137619104794 30
1782828359370 0.0006368393694300408 31
1782828362110 0.0005243764259717788 32
1782828364839 0.0004938551897334073 33
1782828367546 0.00047902565534810277 34
1782828370289 0.0004554877484232708 35
1782828373047 0.00045010061462472605 36
1782828375783 0.00043494683728014584 37
1782828378519 0.00042368477229083406 38
1782828381294 0.0004144579954507689 39
1782828384013 0.0004049625839408618 40
1782828386747 0.00039442260086951784 41
1782828389506 0.000365895416125299 42
1782828392238 0.0003615303843688222 43
1782828395021 0.00035972919454037815 44
1782828397751 0.00035860397797791586 45
1782828400532 0.00035676269291136544 46
1782828403254 0.0003558122801405915 47
1782828405992 0.00035483647544019966 48
1782828408770 0.00035383812402053547 49
1782828411501 0.000352757913203063 50
1782828414548 0.000351883395137917 51
1782828417281 0.00035137551706101436 52
1782828420015 0.00034707991753269324 53
1782828422782 0.0003469993978419539 54
1782828425561 0.000346893862149052 55
1782828428318 0.0003468073992105471 56
1782828431046 0.0003467122069155723 57
1782828433748 0.0003466078251516372 58
1782828436502 0.0003465291384007905 59
1782828439205 0.0003464083692009523 60
1782828441946 0.0003463047881133079 61
1782828444689 0.0003462200405997189 62
1782828447388 0.0003461270352003676 63
1782828450180 0.0003457302613425078 64
1782828452920 0.00034572709617511707 65
1782828455773 0.00034571878394742516 66
1782828458565 0.00034571337779732195 67
1782828461316 0.00034570898399040084 68
1782828464092 0.00034570416698134624 69
1782828466880 0.0003456992954831453 70
1782828469589 0.0003456931349239141 71
1782828472256 0.0003456865024000971 72
1782828474937 0.00034568252501614817 73
1782828477627 0.0003456776026485064 74
1782828480565 0.000345669576474982 75
1782828483417 0.0003456650489524294 76
1782828486160 0.00034565972023925545 77
1782828488920 0.0003456543314078034 78
1782828491698 0.000345649849308607 79
1782828494423 0.0003456444870369431 80
1782828497127 0.00034564095375038946 81
1782828499823 0.00034563337708454114 82
1782828502509 0.0003456289884832797 83
1782828505210 0.00034562408446564097 84
1782828507876 0.0003456173346550167 85
1782828510586 0.00034561444656150343 86
1782828513316 0.0003456065283002378 87
1782828516030 0.00034560049637083473 88
1782828518734 0.00034559931056074377 89
1782828521483 0.0003455905513533618 90
1782828524160 0.00034558617379817116 91
1782828526859 0.0003455814988723343 92
1782828529593 0.00034557536356488245 93
1782828532275 0.0003455693551556641 94
1782828534938 0.0003455655997259239 95
1782828537644 0.00034555988033447676 96
1782828540418 0.00034555399969941116 97
1782828543154 0.00034554912003505433 98
1782828545845 0.00034554487973092855 99
