1782839099292 0.26218895110770307 0
1782839103285 0.13542715493759558 1
1782839107425 0.10236617030645453 2
1782839111406 0.08552239042880037 3
1782839115441 0.07118546646616175 4
1782839119410 0.06433621442954979 5
1782839123461 0.05526466171282536 6
1782839127475 0.05685905335627847 7
1782839131636 0.04973734172117893 8
1782839135689 0.048555617947146495 9
1782839139698 0.04643649414101264 10
1782839143724 0.04357083324126649 11
1782839147893 0.04537724866751309 12
1782839151995 0.035786770871890757 13
1782839156082 0.04101168586285619 14
1782839160092 0.0403097262947502 15
1782839164126 0.03624305247684946 16
1782839168158 0.035210523504044605 17
1782839172120 0.03706873497683139 18
1782839176197 0.007913343614947808 19
1782839180202 0.0022910446367487855 20
1782839184259 0.0012871027458780232 21
1782839188247 0.0008300846191776589 22
1782839192336 0.0005348405599056031 23
1782839196400 0.00032175076918295375 24
1782839200418 0.00039691706631634184 25
1782839204570 0.00015000843514023944 26
1782839208562 0.00016490204144527148 27
1782839212684 6.636001220776955e-05 28
1782839216799 0.00018893533625742446 29
1782839220913 4.842341469983753e-05 30
1782839225000 2.0665342814741234e-05 31
1782839229024 1.549436026171783e-05 32
1782839233129 1.3080355245977051e-05 33
1782839237288 1.1424181503598578e-05 34
1782839241464 9.679799044515755e-06 35
1782839245528 8.426247724601827e-06 36
1782839249645 7.367830864416687e-06 37
1782839253814 6.585496398497812e-06 38
1782839257830 5.787735032477119e-06 39
