1783098701845 1.1176931188742967 0
1783098705327 1.3182243658218236 1
1783098708848 1.2697400913667891 2
1783098712331 0.9747134767599314 3
1783098715822 0.5476678632948395 4
1783098719412 0.6202705160528221 5
1783098722872 0.04236331217446682 6
1783098726374 0.007187647945712579 7
1783098729875 0.0032137845420872908 8
1783098733304 0.002429829867632141 9
1783098736730 0.0013372310606834744 10
1783098740323 0.0010569298767688494 11
1783098743963 0.27726169583993027 12
1783098747512 1.0805539591972402 13
1783098751126 0.0015757535134965763 14
1783098754696 0.0006187153539816212 15
1783098758256 0.0003482687144023257 16
1783098761882 0.0001990398489481752 17
1783098765397 0.0001296664244779552 18
1783098768908 8.398401746618745e-05 19
1783098772422 5.416285003410057e-05 20
1783098775954 3.550757851853e-05 21
1783098779581 2.462965602785171e-05 22
1783098783201 1.698109478592527e-05 23
1783098786815 1.1530049288319321e-05 24
1783098790810 8.324272932901637e-06 25
1783098794750 6.494142323137646e-06 26
1783098798763 5.880907057902228e-06 27
1783098802579 5.372552849056585e-06 28
1783098807028 4.546481276061249e-06 29
1783098810990 4.609246594979345e-06 30
1783098814853 1.3518689810370062e-06 31
1783098818652 2.462565737819656e-07 32
1783098822369 1.4110443111816723e-07 33
1783098826109 6.956002076555665e-08 34
1783098829991 4.320281222821632e-08 35
1783098833819 2.7746600695628182e-08 36
1783098837444 1.4393833563533163e-08 37
1783098841169 8.344926587791164e-09 38
1783098844774 5.4823854449463205e-09 39
1783098848436 3.7234104619246363e-09 40
1783098852185 2.6432125149711307e-09 41
1783098855780 1.8909928863294457e-09 42
1783098859446 1.4254818796876484e-09 43
1783098863063 1.0802133039031789e-09 44
1783098866707 7.971053480117598e-10 45
1783098870403 5.999966913353595e-10 46
1783098874159 4.940886338436234e-10 47
1783098877770 4.0391917820152e-10 48
1783098881404 3.5534310080624146e-10 49
1783098885046 2.816513891764671e-10 50
1783098888690 2.3390925690768556e-10 51
1783098892489 2.2337300109002265e-10 52
1783098896166 1.8857523916658258e-10 53
1783098899793 1.745289718768775e-10 54
1783098903374 1.7688143941170286e-10 55
1783098906929 1.5836366114612884e-10 56
1783098910579 1.5153273001185164e-10 57
1783098914421 1.4587906833414576e-10 58
1783098918300 1.4878532628104634e-10 59
1783098921930 1.319396870024497e-10 60
1783098925555 1.3858784855162117e-10 61
1783098929403 1.2833053470727098e-10 62
1783098932985 1.344133043645926e-10 63
1783098936466 1.2632166213697015e-10 64
1783098939979 1.339135395713555e-10 65
1783098943527 1.2231877089891317e-10 66
1783098947192 1.2149203252512007e-10 67
1783098950736 1.1928230865358964e-10 68
1783098954265 1.2175248872411115e-10 69
1783098958079 1.2723958892595372e-10 70
1783098962047 1.1837629581676948e-10 71
1783098965628 1.2027901307811228e-10 72
1783098969155 1.1668769933414794e-10 73
1783098972851 1.1858415139959213e-10 74
1783098976561 1.179689099491747e-10 75
1783098980225 1.235027287281034e-10 76
1783098983962 1.0986135548448724e-10 77
1783098987738 1.173353076740498e-10 78
1783098991582 1.158601179574114e-10 79
1783098995366 1.1413493046560402e-10 80
1783098999138 1.1483944453093087e-10 81
1783099002851 1.1459210176948111e-10 82
1783099006736 1.1127904987521967e-10 83
1783099010558 1.1150511880718667e-10 84
1783099014347 1.0986890117336967e-10 85
1783099018097 1.1087154108293477e-10 86
1783099021868 1.1162522701636807e-10 87
1783099025583 1.122612121748639e-10 88
1783099029359 1.0698481812723632e-10 89
1783099033191 1.0815285982780474e-10 90
1783099036998 1.0145733163560862e-10 91
1783099040833 1.0356537002979923e-10 92
1783099044717 1.0225155534721102e-10 93
1783099048492 1.039855548029096e-10 94
1783099052283 1.0261721418094351e-10 95
1783099056123 1.0796453818338282e-10 96
1783099059975 1.0364024187942858e-10 97
1783099063747 1.0506497315418776e-10 98
1783099067522 1.0804361082697745e-10 99
