1783097555174 1.0974332086441918 0
1783097559647 1.3016879613130816 1
1783097564274 1.2375482664795525 2
1783097568586 0.8237717318854053 3
1783097572782 0.7681104593222992 4
1783097577013 0.8537247335584319 5
1783097581373 0.06506547927806884 6
1783097586049 0.010062114871223292 7
1783097590752 0.0034903161824440558 8
1783097595481 0.001818909598773329 9
1783097599788 0.0009432542871664174 10
1783097604256 0.0006671286719877403 11
1783097608730 0.0011541620991032309 12
1783097613461 2.1506608624130004 13
1783097618044 0.0022404633980654333 14
1783097622556 0.0007237468854389306 15
1783097627157 0.00039121644628033365 16
1783097631846 0.0002100781339542807 17
1783097636674 0.00011743561880129694 18
1783097641436 6.929704517116982e-05 19
1783097645916 4.3363212116424575e-05 20
1783097650420 2.850392938764815e-05 21
1783097654958 2.0499966139657173e-05 22
1783097659520 1.3014285682656479e-05 23
1783097664360 7.78545994717487e-06 24
1783097669007 4.704980046355417e-06 25
1783097673595 2.981355464694403e-06 26
1783097678264 1.806675399745731e-06 27
1783097683077 1.3020714040347462e-06 28
1783097687727 4.425092544837316e-07 29
1783097692415 2.5042080302699816e-07 30
1783097697060 1.3849260363865624e-07 31
1783097701682 8.566175432789617e-08 32
1783097706233 5.421846355765933e-08 33
1783097710735 3.5327650020667403e-08 34
1783097715494 2.244218354612266e-08 35
1783097720192 1.518265799654825e-08 36
1783097725081 1.0185202636478263e-08 37
1783097729919 7.673896429998145e-09 38
1783097734674 6.5053650779317865e-09 39
1783097739254 4.859684394796183e-09 40
1783097743720 3.7607793535528984e-09 41
1783097748223 3.1286351056079307e-09 42
1783097752705 2.465084622645239e-09 43
1783097757309 2.0555027546429878e-09 44
1783097761990 1.6887156203047758e-09 45
1783097766548 1.4140282027075369e-09 46
1783097771166 1.2354622876016199e-09 47
1783097775964 1.0813574563416772e-09 48
1783097780668 1.0186935095312527e-09 49
1783097785378 9.59115768993548e-10 50
1783097790068 9.15074705878755e-10 51
1783097794628 8.329470179729907e-10 52
1783097799360 7.953320182926145e-10 53
1783097804029 7.576654313944022e-10 54
1783097808868 6.640361724040375e-10 55
1783097813849 6.188657986486423e-10 56
1783097820120 5.625575404330379e-10 57
1783097826792 5.569675479019198e-10 58
1783097832666 5.087624938116549e-10 59
1783097840611 4.860641218812018e-10 60
1783097846137 4.4884094710637955e-10 61
1783097850839 4.5525629614065976e-10 62
1783097855398 4.337718688507822e-10 63
1783097860133 4.011753890845849e-10 64
1783097864896 3.8194679412191593e-10 65
1783097869372 3.7660858269595014e-10 66
1783097873928 3.603044021125305e-10 67
1783097878421 3.541140232785786e-10 68
1783097883232 3.2364955116309165e-10 69
1783097887890 3.3227139851444407e-10 70
1783097892493 3.259913624508211e-10 71
1783097897035 3.2687867745216866e-10 72
1783097901636 3.16303715343873e-10 73
1783097906322 3.1237973243666217e-10 74
1783097911046 3.290012655951345e-10 75
1783097915660 2.9208490149005834e-10 76
1783097920227 3.11630959424323e-10 77
1783097924798 2.843282307878919e-10 78
1783097929425 3.0128793448426887e-10 79
1783097934037 2.9484835485099006e-10 80
1783097938832 2.8591304759963254e-10 81
1783097943541 3.05855543400567e-10 82
1783097948254 2.8729162080460393e-10 83
1783097952996 2.8314504485695907e-10 84
1783097957798 2.8705329508486987e-10 85
1783097962504 2.7610411818396106e-10 86
1783097967159 2.7760258164223555e-10 87
1783097971898 2.671530108527241e-10 88
1783097976501 2.6933421362090846e-10 89
1783097981217 2.6164321599863514e-10 90
1783097985908 2.7556201023288457e-10 91
1783097990678 2.6704012850828937e-10 92
1783097995400 2.627193181103323e-10 93
1783098000154 2.5590548357104275e-10 94
1783098004861 2.4978676760794283e-10 95
1783098009607 2.4217890329987606e-10 96
1783098014387 2.4095649606538486e-10 97
1783098019170 2.3731716430916993e-10 98
1783098023918 2.3003111399982664e-10 99
