1782985494426 0.27032721482669186 0
1782985499318 0.14081349720674904 1
1782985504255 0.11090630536678392 2
1782985509397 0.09188424686552692 3
1782985514369 0.0830411806558797 4
1782985519375 0.07429869922983105 5
1782985524381 0.07215562680061686 6
1782985529399 0.06196046931666533 7
1782985534375 0.05850763336692117 8
1782985539226 0.05734067705715111 9
1782985544322 0.05626676361841496 10
1782985549435 0.049614389459605196 11
1782985554552 0.051416482428186125 12
1782985559624 0.043983411048574346 13
1782985564613 0.05177185245967086 14
1782985569507 0.04571679258743308 15
1782985574509 0.042881200031446146 16
1782985579677 0.011832345549201772 17
1782985584562 0.005731915837422931 18
1782985589521 0.003888769875338263 19
1782985594634 0.0028745711231421447 20
1782985599705 0.0019291024373026746 21
1782985604750 0.0014424647792219765 22
1782985609732 0.001109413311966888 23
1782985614635 0.0009778525754090594 24
1782985619846 0.0007407444871788104 25
1782985624907 0.00042155377642498607 26
1782985629987 0.00048658880177136527 27
1782985635079 0.0007463010602409448 28
1782985639985 0.0005508171846957271 29
1782985645147 0.00023012023804395748 30
1782985650211 0.0001035814382155934 31
1782985655453 6.780612713603646e-05 32
1782985660585 5.804098649112948e-05 33
1782985665680 4.49877355795941e-05 34
1782985670775 3.832952495695942e-05 35
1782985675736 3.4311748336898725e-05 36
1782985680732 2.7716271224886524e-05 37
1782985685622 2.710403260090091e-05 38
1782985691132 2.1547213319570892e-05 39
1782985696425 1.9527920571082018e-05 40
1782985701573 1.7478919100558798e-05 41
1782985706702 1.4131488793862059e-05 42
1782985711914 1.3486463921602932e-05 43
1782985717173 1.3204308801165058e-05 44
1782985722050 1.2883920157428573e-05 45
1782985727110 1.2651846626974388e-05 46
1782985732293 1.2444082755408034e-05 47
1782985737404 1.2266926567756963e-05 48
1782985742487 1.2094618468191634e-05 49
1782985747801 1.189156743028269e-05 50
1782985753291 1.1682628542485421e-05 51
1782985758817 1.1660754057066078e-05 52
1782985764223 1.1186373703168946e-05 53
1782985769696 1.1169497728345114e-05 54
1782985775051 1.115570230845312e-05 55
1782985780092 1.11377474003726e-05 56
1782985785161 1.1111591574111133e-05 57
1782985790410 1.1098447260531114e-05 58
1782985795582 1.107258516064549e-05 59
1782985800824 1.1057274198116577e-05 60
1782985806072 1.1044339197865774e-05 61
1782985811201 1.1024725560506058e-05 62
1782985816378 1.1008033210023319e-05 63
1782985821415 1.0969966210900845e-05 64
1782985826520 1.0968499238282807e-05 65
1782985831791 1.0966997013194905e-05 66
1782985836814 1.0965435302461795e-05 67
1782985841882 1.096439038692862e-05 68
1782985847144 1.0962855669189305e-05 69
1782985852422 1.0961309869298852e-05 70
1782985857589 1.0960033940781292e-05 71
1782985862866 1.0958824826166409e-05 72
1782985868034 1.0957020803582834e-05 73
1782985873322 1.0956090021827998e-05 74
1782985878693 1.0954520305659877e-05 75
1782985883889 1.0952986879691992e-05 76
1782985888976 1.0952022167824511e-05 77
1782985893953 1.0950577552127407e-05 78
1782985899182 1.0949082534986576e-05 79
1782985904484 1.094800531073829e-05 80
1782985909644 1.094658475756371e-05 81
1782985915028 1.0946043578069606e-05 82
1782985920272 1.0943870526590532e-05 83
1782985925398 1.0942670496130588e-05 84
1782985930581 1.0941392326002634e-05 85
1782985935819 1.0940210375443762e-05 86
1782985941144 1.0938611398113851e-05 87
1782985946268 1.0937563263659368e-05 88
1782985951574 1.0936021678944088e-05 89
1782985956665 1.0935090730106904e-05 90
1782985961923 1.0933467725510299e-05 91
1782985967168 1.0932087160357026e-05 92
1782985972388 1.0930937864462077e-05 93
1782985977971 1.0930384526694176e-05 94
1782985983100 1.092809720531075e-05 95
1782985988196 1.0926929316043032e-05 96
1782985993349 1.0926019330771664e-05 97
1782985998384 1.0924512086870191e-05 98
1782986003564 1.0923187215760547e-05 99
