1783173892260 4.852001190185547 0
1783173892263 4.851690769195557 1
1783173892266 4.851293563842773 2
1783173892270 4.850294589996338 3
1783173892275 4.8507585525512695 4
1783173892279 4.849571228027344 5
1783173892284 4.84858512878418 6
1783173892287 4.849489212036133 7
1783173892292 4.847289085388184 8
1783173892296 4.8439507484436035 9
1783173892300 4.842739105224609 10
1783173892305 4.8383708000183105 11
1783173892310 4.83823299407959 12
1783173892314 4.833922863006592 13
1783173892318 4.837494373321533 14
1783173892323 4.832285404205322 15
1783173892327 4.83113431930542 16
1783173892332 4.822818756103516 17
1783173892336 4.809300422668457 18
1783173892340 4.818441390991211 19
1783173892344 4.820650100708008 20
1783173892349 4.8110456466674805 21
1783173892353 4.785395622253418 22
1783173892359 4.8031005859375 23
1783173892363 4.763208866119385 24
1783173892367 4.770888328552246 25
1783173892372 4.767927646636963 26
1783173892376 4.771147727966309 27
1783173892381 4.7419233322143555 28
1783173892385 4.754484176635742 29
1783173892390 4.717108249664307 30
1783173892393 4.768468379974365 31
1783173892396 4.6876935958862305 32
1783173892398 4.724038600921631 33
1783173892401 4.702280044555664 34
1783173892404 4.7092719078063965 35
1783173892406 4.69213342666626 36
1783173892409 4.6532111167907715 37
1783173892413 4.661863327026367 38
1783173892416 4.651661396026611 39
1783173892418 4.602179050445557 40
1783173892421 4.654018402099609 41
1783173892424 4.656726360321045 42
1783173892427 4.574611186981201 43
1783173892432 4.556881427764893 44
1783173892436 4.5865583419799805 45
1783173892440 4.617149829864502 46
1783173892445 4.578952312469482 47
1783173892449 4.536874294281006 48
1783173892453 4.395415782928467 49
1783173892458 4.488335132598877 50
1783173892462 4.531622886657715 51
1783173892466 4.530351638793945 52
1783173892471 4.422267913818359 53
1783173892475 4.5035200119018555 54
1783173892478 4.415673732757568 55
1783173892481 4.431960105895996 56
1783173892483 4.427042007446289 57
1783173892486 4.374433517456055 58
1783173892489 4.389270305633545 59
1783173892491 4.295624732971191 60
1783173892494 4.422588348388672 61
1783173892497 4.388219833374023 62
1783173892499 4.297983169555664 63
1783173892502 4.318017959594727 64
1783173892505 4.260478973388672 65
1783173892507 4.260871887207031 66
1783173892510 4.320097923278809 67
1783173892513 4.322000980377197 68
1783173892515 4.220341682434082 69
1783173892518 4.286487102508545 70
1783173892521 4.184391498565674 71
1783173892523 4.163917541503906 72
1783173892526 4.28551721572876 73
1783173892529 4.2772088050842285 74
1783173892531 4.2652268409729 75
1783173892534 4.21451473236084 76
1783173892537 4.255006313323975 77
1783173892541 4.31098747253418 78
1783173892544 4.292363166809082 79
1783173892546 4.246512413024902 80
1783173892549 4.158194541931152 81
1783173892552 3.9966626167297363 82
1783173892554 4.062846660614014 83
1783173892558 4.151345252990723 84
1783173892562 4.1775288581848145 85
1783173892566 4.189406394958496 86
1783173892571 4.273628234863281 87
1783173892575 4.091034412384033 88
1783173892580 4.175996780395508 89
1783173892584 4.198032855987549 90
1783173892588 4.179714202880859 91
1783173892593 4.095369338989258 92
1783173892597 4.17378044128418 93
1783173892601 4.145012378692627 94
1783173892606 4.163588523864746 95
1783173892610 4.039246082305908 96
1783173892614 4.046420097351074 97
1783173892619 3.9083728790283203 98
1783173892623 4.078176498413086 99
1783173892628 4.0453314781188965 100
1783173892632 3.9631786346435547 101
1783173892636 4.009962558746338 102
1783173892640 3.9480299949645996 103
1783173892645 4.124114036560059 104
1783173892649 4.1307268142700195 105
1783173892654 3.7686781883239746 106
1783173892658 3.9394724369049072 107
1783173892662 3.9938693046569824 108
1783173892667 3.849627733230591 109
1783173892671 3.876558303833008 110
1783173892675 4.01786994934082 111
1783173892680 3.9547019004821777 112
1783173892684 4.103336334228516 113
1783173892689 3.9600069522857666 114
1783173892693 4.090909957885742 115
1783173892698 3.9456946849823 116
1783173892702 3.7710416316986084 117
1783173892706 3.8265984058380127 118
1783173892711 3.9634814262390137 119
1783173892716 3.9994161128997803 120
1783173892718 3.7541849613189697 121
1783173892720 4.0028839111328125 122
1783173892723 4.006577491760254 123
1783173892851 3.769411563873291 124
1783173892853 3.7420144081115723 125
1783173892855 3.9489431381225586 126
1783173892857 3.932640314102173 127
1783173892860 3.758086919784546 128
1783173892862 3.9188547134399414 129
1783173892864 3.745023012161255 130
1783173892866 3.7621572017669678 131
1783173892868 3.7428500652313232 132
1783173892871 3.8439407348632812 133
1783173892873 3.6933670043945312 134
1783173892875 3.7130331993103027 135
1783173892878 3.6526708602905273 136
1783173892880 3.723348617553711 137
1783173892882 3.7844769954681396 138
1783173892884 3.9612855911254883 139
1783173892887 3.5888566970825195 140
1783173892890 3.7111308574676514 141
1783173892892 3.639056921005249 142
1783173892895 3.905690908432007 143
1783173892898 3.7336010932922363 144
1783173892900 3.669119119644165 145
1783173892903 3.553723096847534 146
1783173892906 4.022660255432129 147
1783173892908 3.6739063262939453 148
1783173892911 3.617591619491577 149
1783173892914 3.7633109092712402 150
1783173892917 3.595316171646118 151
1783173892919 3.485739231109619 152
1783173892922 3.7372655868530273 153
1783173892925 3.7393524646759033 154
1783173892928 3.7599143981933594 155
1783173892931 3.600792407989502 156
1783173892933 3.587038516998291 157
1783173892936 3.6178081035614014 158
1783173892939 3.6160457134246826 159
1783173892943 3.751803398132324 160
1783173892946 3.6724021434783936 161
1783173892948 3.768857955932617 162
1783173892950 3.593022584915161 163
1783173892952 3.5446600914001465 164
1783173892955 3.6101467609405518 165
1783173892957 3.685238838195801 166
1783173892959 3.7811036109924316 167
1783173892961 3.5378212928771973 168
1783173892964 3.7460436820983887 169
1783173892966 3.6880815029144287 170
1783173892968 3.7116379737854004 171
1783173892970 3.741473913192749 172
1783173892973 3.68764066696167 173
1783173892976 3.600325107574463 174
1783173892978 3.58119797706604 175
1783173892981 3.639404296875 176
1783173892984 3.7554187774658203 177
1783173892987 3.645289659500122 178
1783173892989 3.656365156173706 179
1783173892991 3.662828207015991 180
1783173892993 3.6171717643737793 181
1783173892995 3.709805727005005 182
1783173892998 3.543886661529541 183
1783173893000 3.6440768241882324 184
1783173893002 3.705626964569092 185
1783173893004 3.5286593437194824 186
1783173893006 3.5218093395233154 187
1783173893009 3.6074414253234863 188
1783173893012 3.5645461082458496 189
1783173893014 3.6634469032287598 190
1783173893017 3.5066030025482178 191
1783173893020 3.563103437423706 192
1783173893023 3.620192766189575 193
1783173893025 3.612532377243042 194
1783173893028 3.5348060131073 195
1783173893030 3.484666109085083 196
1783173893032 3.524547576904297 197
1783173893035 3.3130409717559814 198
1783173893037 3.6173882484436035 199
1783173893039 3.4948694705963135 200
1783173893041 3.6089236736297607 201
1783173893044 3.5573647022247314 202
1783173893046 3.6402509212493896 203
1783173893048 3.5605714321136475 204
1783173893051 3.371603012084961 205
1783173893053 3.569460391998291 206
1783173893055 3.4909141063690186 207
1783173893057 3.4778034687042236 208
1783173893060 3.4128494262695312 209
1783173893062 3.5871405601501465 210
1783173893064 3.4936013221740723 211
1783173893066 3.5479164123535156 212
1783173893069 3.3913776874542236 213
1783173893071 3.5094873905181885 214
1783173893073 3.619720935821533 215
1783173893075 3.321493148803711 216
1783173893078 3.718029260635376 217
1783173893080 3.501880168914795 218
1783173893082 3.5750837326049805 219
1783173893084 3.5277717113494873 220
1783173893087 3.3933095932006836 221
1783173893089 3.3652632236480713 222
1783173893091 3.573523759841919 223
1783173893093 3.548264980316162 224
1783173893095 3.4450390338897705 225
1783173893098 3.8027594089508057 226
1783173893100 3.4343440532684326 227
1783173893102 3.540472984313965 228
1783173893104 3.2892189025878906 229
1783173893106 3.452698230743408 230
1783173893109 3.280611753463745 231
1783173893111 3.50825834274292 232
1783173893113 3.376217842102051 233
1783173893116 3.3981821537017822 234
1783173893118 3.2317593097686768 235
1783173893120 3.329798698425293 236
1783173893123 3.4063937664031982 237
1783173893126 3.2395753860473633 238
1783173893128 3.610623359680176 239
1783173893131 3.5661520957946777 240
1783173893134 3.4639010429382324 241
1783173893136 3.5756874084472656 242
1783173893139 3.431046485900879 243
1783173893142 3.4384846687316895 244
1783173893145 3.5438623428344727 245
1783173893147 3.47438907623291 246
1783173893150 3.4216251373291016 247
1783173893277 3.4549922943115234 248
1783173893279 3.323861598968506 249
1783173893281 3.618222713470459 250
1783173893283 3.2545504570007324 251
1783173893285 3.361797332763672 252
1783173893287 3.4645447731018066 253
1783173893290 3.5565171241760254 254
1783173893292 3.3904035091400146 255
1783173893294 3.3194291591644287 256
1783173893297 3.4669137001037598 257
1783173893299 3.4534173011779785 258
1783173893301 3.6053733825683594 259
1783173893303 3.609276294708252 260
1783173893305 3.3741447925567627 261
1783173893307 3.4419796466827393 262
1783173893310 3.25531005859375 263
1783173893312 3.386390209197998 264
1783173893314 3.393751382827759 265
1783173893316 3.389540433883667 266
1783173893318 3.410165309906006 267
1783173893320 3.4690465927124023 268
1783173893323 3.356358289718628 269
1783173893325 3.2931556701660156 270
1783173893327 3.319321393966675 271
1783173893329 3.5670101642608643 272
1783173893331 3.3418850898742676 273
1783173893334 3.347409248352051 274
1783173893336 3.4325597286224365 275
1783173893338 3.186880111694336 276
1783173893340 3.344522714614868 277
1783173893342 3.1131033897399902 278
1783173893345 3.484488010406494 279
1783173893347 3.4165713787078857 280
1783173893349 3.264178991317749 281
1783173893351 3.3923537731170654 282
1783173893353 3.426783561706543 283
1783173893356 3.4117844104766846 284
1783173893358 3.398597478866577 285
1783173893360 3.2562880516052246 286
1783173893362 3.422518253326416 287
1783173893364 3.2743594646453857 288
1783173893366 3.2273147106170654 289
1783173893369 3.5539321899414062 290
1783173893371 3.472939968109131 291
1783173893373 3.3577895164489746 292
1783173893375 3.355637550354004 293
1783173893378 3.2964835166931152 294
1783173893380 3.3384482860565186 295
1783173893382 3.1740405559539795 296
1783173893385 3.309823513031006 297
1783173893387 3.5104355812072754 298
1783173893389 3.3205087184906006 299
1783173893391 3.3068108558654785 300
1783173893393 3.219844341278076 301
1783173893396 3.462735891342163 302
1783173893398 3.3278965950012207 303
1783173893400 3.4542508125305176 304
1783173893402 3.6529765129089355 305
1783173893405 3.166020631790161 306
1783173893407 3.4524617195129395 307
1783173893409 3.2079436779022217 308
1783173893411 3.372199773788452 309
1783173893414 3.4036877155303955 310
1783173893416 3.2827537059783936 311
1783173893418 3.1980857849121094 312
1783173893420 3.286590337753296 313
1783173893422 3.5036890506744385 314
1783173893425 3.360454559326172 315
1783173893427 3.318105936050415 316
1783173893429 3.414717435836792 317
1783173893431 3.284822702407837 318
1783173893433 3.496840715408325 319
1783173893435 3.3106868267059326 320
1783173893438 3.417897939682007 321
1783173893440 3.1477859020233154 322
1783173893442 3.4739933013916016 323
1783173893444 3.3423585891723633 324
1783173893447 3.294569253921509 325
1783173893449 3.3272526264190674 326
1783173893451 3.3017172813415527 327
1783173893453 3.438387870788574 328
1783173893455 3.2722713947296143 329
1783173893458 3.451517105102539 330
1783173893460 3.297982692718506 331
1783173893462 3.39448618888855 332
1783173893464 3.384866714477539 333
1783173893466 3.2063705921173096 334
1783173893468 3.4754152297973633 335
1783173893471 3.433595657348633 336
1783173893473 3.3289198875427246 337
1783173893475 3.35032057762146 338
1783173893477 3.334977626800537 339
1783173893479 3.1842257976531982 340
1783173893482 3.0908312797546387 341
1783173893484 3.2288055419921875 342
1783173893486 3.1029670238494873 343
1783173893488 3.414834499359131 344
1783173893490 3.1996965408325195 345
1783173893493 3.245786666870117 346
1783173893495 3.4612033367156982 347
1783173893497 3.1207454204559326 348
1783173893499 3.343836784362793 349
1783173893501 3.3515031337738037 350
1783173893503 3.1567559242248535 351
1783173893506 3.32267427444458 352
1783173893508 3.3312158584594727 353
1783173893510 3.347757577896118 354
1783173893512 3.577476978302002 355
1783173893514 3.2449419498443604 356
1783173893516 3.175419807434082 357
1783173893519 3.5049526691436768 358
1783173893521 3.2310636043548584 359
1783173893523 3.2562692165374756 360
1783173893525 3.354841709136963 361
1783173893528 3.3774266242980957 362
1783173893530 3.281053304672241 363
1783173893532 3.3653922080993652 364
1783173893534 3.249323844909668 365
1783173893537 3.208555221557617 366
1783173893539 3.2773728370666504 367
1783173893541 3.263309955596924 368
1783173893543 3.3575456142425537 369
1783173893545 3.255152940750122 370
1783173893548 3.288996696472168 371
