1782816675995 130.8914794921875 0
1782816675999 117.73731231689453 1
1782816676001 63.66196060180664 2
1782816676004 83.04622650146484 3
1782816676006 67.23109436035156 4
1782816676007 81.39649200439453 5
1782816676009 77.7081298828125 6
1782816676010 55.17183303833008 7
1782816676012 43.27082824707031 8
1782816676013 33.211055755615234 9
1782816676015 38.41151428222656 10
1782816676017 30.613054275512695 11
1782816676019 30.968461990356445 12
1782816676021 20.980024337768555 13
1782816676023 27.714950561523438 14
1782816676024 27.66974449157715 15
1782816676026 27.503135681152344 16
1782816676027 13.778873443603516 17
1782816676028 17.99571418762207 18
1782816676030 10.344223022460938 19
1782816676031 16.007617950439453 20
1782816676034 12.747666358947754 21
1782816676036 11.825278282165527 22
1782816676038 8.94663143157959 23
1782816676040 7.084691524505615 24
1782816676042 6.190457820892334 25
1782816676043 5.207703113555908 26
1782816676045 7.023983001708984 27
1782816676046 6.306182861328125 28
1782816676048 3.4191231727600098 29
1782816676050 3.923720598220825 30
1782816676051 4.204260349273682 31
1782816676053 3.377675771713257 32
1782816676054 3.19856595993042 33
1782816676058 3.0882413387298584 34
1782816676060 2.6257920265197754 35
1782816676062 2.7207531929016113 36
1782816676064 2.8744208812713623 37
1782816676066 2.4426825046539307 38
1782816676067 2.300462245941162 39
1782816676069 2.4765067100524902 40
1782816676071 2.392426013946533 41
1782816676072 2.251811981201172 42
1782816676075 2.255460023880005 43
1782816676077 2.2873525619506836 44
1782816676079 2.3851921558380127 45
1782816676080 2.225221872329712 46
1782816676082 2.213043212890625 47
1782816676084 2.2648212909698486 48
1782816676086 2.2466657161712646 49
1782816676088 2.271505355834961 50
1782816676089 2.270368814468384 51
1782816676091 2.299955368041992 52
1782816676092 2.275813341140747 53
1782816676093 2.2802071571350098 54
1782816676094 2.303450107574463 55
1782816676096 2.293301820755005 56
1782816676098 2.2821478843688965 57
1782816676100 2.2897934913635254 58
1782816676102 2.2999155521392822 59
1782816676104 2.272071123123169 60
1782816676105 2.2854301929473877 61
1782816676107 2.2914953231811523 62
1782816676108 2.2867166996002197 63
1782816676110 2.276334285736084 64
1782816676111 2.299532651901245 65
1782816676113 2.2899880409240723 66
1782816676114 2.296332597732544 67
1782816676115 2.278284788131714 68
1782816676117 2.2929461002349854 69
1782816676118 2.289820671081543 70
1782816676119 2.2853665351867676 71
1782816676121 2.2715957164764404 72
1782816676122 2.294332265853882 73
1782816676123 2.2947804927825928 74
1782816676124 2.281930685043335 75
1782816676126 2.2745954990386963 76
1782816676127 2.27433443069458 77
1782816676128 2.2877330780029297 78
1782816676129 2.2833621501922607 79
1782816676131 2.2815301418304443 80
1782816676133 2.2595713138580322 81
1782816676135 2.271512508392334 82
1782816676136 2.2689619064331055 83
1782816676138 2.25160813331604 84
1782816676140 2.2777507305145264 85
1782816676142 2.2774765491485596 86
1782816676144 2.256760358810425 87
1782816676146 2.3077545166015625 88
1782816676148 2.2547364234924316 89
1782816676150 2.2879080772399902 90
1782816676151 2.2596435546875 91
1782816676153 2.3062989711761475 92
1782816676155 2.242614269256592 93
1782816676156 2.2651398181915283 94
1782816676157 2.264984130859375 95
1782816676158 2.2159671783447266 96
1782816676160 2.2791359424591064 97
1782816676161 2.299802780151367 98
1782816676162 2.2276408672332764 99
1782816676165 2.278688907623291 100
1782816676167 2.265540838241577 101
1782816676170 2.235267400741577 102
1782816676173 2.251800060272217 103
1782816676175 2.2937684059143066 104
1782816676178 2.2566537857055664 105
1782816676180 2.225135087966919 106
1782816676182 2.2532408237457275 107
1782816676185 2.2545883655548096 108
1782816676187 2.2161738872528076 109
1782816676189 2.221729278564453 110
1782816676191 2.2283713817596436 111
1782816676193 2.2518324851989746 112
1782816676195 2.2863056659698486 113
1782816676196 2.2469983100891113 114
1782816676198 2.260680913925171 115
1782816676200 2.214334487915039 116
1782816676201 2.258297920227051 117
1782816676203 2.1384570598602295 118
1782816676205 2.2535200119018555 119
1782816676207 2.2097487449645996 120
1782816676209 2.22406268119812 121
1782816676210 2.2259466648101807 122
1782816676212 2.2185962200164795 123
1782816676213 2.232365369796753 124
1782816676215 2.205174684524536 125
1782816676216 2.138556957244873 126
1782816676217 2.266547918319702 127
1782816676219 2.2072646617889404 128
1782816676220 2.290560007095337 129
1782816676222 2.1787173748016357 130
1782816676223 2.2197251319885254 131
1782816676225 2.263414144515991 132
1782816676226 2.1152331829071045 133
1782816676228 2.2193918228149414 134
1782816676229 2.2804861068725586 135
1782816676230 2.293952703475952 136
1782816676232 2.180299758911133 137
1782816676233 2.125332832336426 138
1782816676235 2.24419903755188 139
1782816676236 2.1404385566711426 140
1782816676238 2.116328001022339 141
1782816676239 2.122760772705078 142
1782816676240 2.2464277744293213 143
1782816676241 2.2445836067199707 144
1782816676243 2.2248191833496094 145
1782816676245 2.092890977859497 146
1782816676246 2.108830451965332 147
1782816676248 2.1148531436920166 148
1782816676249 2.1510565280914307 149
1782816676250 2.3126041889190674 150
1782816676252 2.0821704864501953 151
1782816676253 2.2708449363708496 152
1782816676254 2.0637738704681396 153
1782816676256 2.1958441734313965 154
1782816676257 2.22987961769104 155
1782816676258 2.1484739780426025 156
1782816676260 2.2454309463500977 157
1782816676261 2.080601453781128 158
1782816676263 2.2026565074920654 159
1782816676264 2.1261348724365234 160
1782816676266 2.194345474243164 161
1782816676267 2.1624412536621094 162
1782816676268 2.230905771255493 163
1782816676270 2.1708991527557373 164
1782816676271 2.209244966506958 165
1782816676273 2.20351243019104 166
1782816676274 2.185335397720337 167
1782816676276 2.1684532165527344 168
1782816676277 2.2702813148498535 169
1782816676279 2.210174560546875 170
1782816676280 2.271794080734253 171
1782816676282 2.1735198497772217 172
1782816676283 2.093001127243042 173
1782816676284 2.2168967723846436 174
1782816676286 2.1833949089050293 175
1782816676287 2.2221505641937256 176
1782816676288 2.2103090286254883 177
1782816676290 2.1366398334503174 178
1782816676291 2.1544547080993652 179
1782816676292 2.254518747329712 180
1782816676294 2.2440006732940674 181
1782816676295 2.199922561645508 182
1782816676296 2.18511962890625 183
1782816676298 2.1628472805023193 184
1782816676299 2.085785150527954 185
1782816676300 2.180933713912964 186
1782816676302 2.173952579498291 187
1782816676303 2.2623634338378906 188
1782816676306 2.1194186210632324 189
1782816676308 2.232905864715576 190
1782816676310 1.9640761613845825 191
1782816676312 2.1791670322418213 192
1782816676314 2.174250841140747 193
1782816676316 2.1545205116271973 194
1782816676319 2.0869688987731934 195
1782816676321 2.1478395462036133 196
1782816676323 2.1445112228393555 197
1782816676325 2.2113940715789795 198
1782816676327 2.1864709854125977 199
1782816676329 2.181072235107422 200
1782816676332 2.1665122509002686 201
1782816676335 1.932044506072998 202
1782816676338 2.225325584411621 203
1782816676340 2.129323720932007 204
1782816676342 2.089792013168335 205
1782816676344 2.122978448867798 206
1782816676346 2.0863187313079834 207
1782816676347 2.193730354309082 208
1782816676349 2.157393455505371 209
1782816676351 2.112069606781006 210
1782816676353 2.0258803367614746 211
1782816676355 2.1374804973602295 212
1782816676357 2.236825466156006 213
1782816676359 2.1346845626831055 214
1782816676361 2.147516965866089 215
1782816676363 2.142533540725708 216
1782816676365 2.1173837184906006 217
1782816676367 2.1119582653045654 218
1782816676369 2.190554141998291 219
1782816676371 2.1393868923187256 220
1782816676373 2.152939796447754 221
1782816676375 2.1548712253570557 222
1782816676377 2.306245803833008 223
1782816676379 2.158451557159424 224
1782816676381 1.9742803573608398 225
1782816676383 2.100802421569824 226
1782816676385 2.1199862957000732 227
1782816676387 2.090641498565674 228
1782816676389 2.151832103729248 229
1782816676391 2.1387131214141846 230
1782816676393 2.1631176471710205 231
1782816676395 2.0936508178710938 232
1782816676397 2.0020296573638916 233
1782816676398 2.128723621368408 234
1782816676400 2.0846054553985596 235
1782816676402 1.9949570894241333 236
1782816676405 2.1466798782348633 237
1782816676407 2.024216651916504 238
1782816676409 2.0213379859924316 239
1782816676411 2.1028881072998047 240
1782816676413 2.075335741043091 241
1782816676415 2.296653985977173 242
1782816676417 2.0716488361358643 243
1782816676419 2.1103463172912598 244
1782816676421 2.101158380508423 245
1782816676423 2.1220102310180664 246
1782816676426 2.153672933578491 247
1782816676428 2.0766077041625977 248
1782816676430 2.126002073287964 249
1782816676432 2.2213821411132812 250
1782816676434 1.9886125326156616 251
1782816676435 2.063976526260376 252
1782816676436 2.073896884918213 253
1782816676438 2.0293729305267334 254
1782816676439 2.088259696960449 255
1782816676441 2.2324841022491455 256
1782816676442 1.9486769437789917 257
1782816676444 2.08675217628479 258
1782816676445 2.063737392425537 259
1782816676447 2.0835835933685303 260
1782816676448 2.1224119663238525 261
1782816676450 2.0246706008911133 262
1782816676451 1.9853768348693848 263
1782816676452 2.0499086380004883 264
1782816676454 1.9587053060531616 265
1782816676455 2.1389636993408203 266
1782816676457 1.8896477222442627 267
1782816676458 1.9613938331604004 268
1782816676460 2.0044867992401123 269
1782816676461 2.0704894065856934 270
1782816676462 1.9294941425323486 271
1782816676464 2.0831594467163086 272
1782816676465 2.056776285171509 273
1782816676467 1.8957624435424805 274
1782816676469 2.1298792362213135 275
1782816676471 1.930415153503418 276
1782816676473 1.9793810844421387 277
1782816676474 2.1229121685028076 278
1782816676476 1.911800503730774 279
1782816676477 2.0211660861968994 280
1782816676479 2.1402862071990967 281
1782816676480 2.0469963550567627 282
1782816676481 2.0048937797546387 283
1782816676483 2.02339506149292 284
1782816676484 2.0691614151000977 285
1782816676486 2.042239189147949 286
1782816676487 2.0751099586486816 287
1782816676489 2.1106655597686768 288
1782816676490 2.1440794467926025 289
1782816676492 2.0491302013397217 290
1782816676493 2.153865337371826 291
1782816676495 2.087533473968506 292
1782816676496 1.9323855638504028 293
1782816676497 1.9010380506515503 294
1782816676499 2.0565176010131836 295
1782816676500 2.1175875663757324 296
1782816676502 2.135658025741577 297
1782816676503 1.9401224851608276 298
1782816676505 2.002753257751465 299
1782816676506 2.0590875148773193 300
1782816676508 2.162956953048706 301
1782816676509 2.096728801727295 302
1782816676511 1.9964888095855713 303
1782816676512 2.0154943466186523 304
1782816676513 2.0139100551605225 305
1782816676515 2.1269338130950928 306
1782816676516 1.9855492115020752 307
1782816676518 2.065154790878296 308
1782816676519 1.9632949829101562 309
1782816676521 1.9105805158615112 310
1782816676523 1.9899060726165771 311
1782816676524 1.8895989656448364 312
1782816676525 1.9861478805541992 313
1782816676527 2.2230610847473145 314
1782816676528 2.1086905002593994 315
1782816676529 1.8995411396026611 316
1782816676531 1.9724260568618774 317
1782816676532 1.9045308828353882 318
1782816676534 1.959723711013794 319
1782816676535 2.071525812149048 320
1782816676537 2.2499799728393555 321
1782816676538 2.154123067855835 322
1782816676539 2.0312516689300537 323
1782816676541 1.8999541997909546 324
1782816676542 1.9604941606521606 325
1782816676543 1.8653900623321533 326
1782816676545 1.8933067321777344 327
1782816676546 2.0063509941101074 328
1782816676548 1.7672343254089355 329
1782816676549 2.0716748237609863 330
1782816676550 1.975854754447937 331
1782816676552 2.0538973808288574 332
1782816676553 2.0364019870758057 333
1782816676555 2.0514698028564453 334
1782816676557 2.1171469688415527 335
1782816676559 2.0772705078125 336
1782816676560 1.924101710319519 337
1782816676562 2.030487537384033 338
1782816676565 2.0458474159240723 339
1782816676567 1.9612648487091064 340
1782816676570 2.021836996078491 341
1782816676571 1.9116754531860352 342
1782816676573 2.1072254180908203 343
1782816676575 2.2259769439697266 344
1782816676576 2.0227038860321045 345
1782816676578 1.946631669998169 346
1782816676579 2.0796937942504883 347
1782816676581 1.9690747261047363 348
1782816676583 1.7040661573410034 349
1782816676586 2.0413832664489746 350
1782816676588 2.0921380519866943 351
1782816676590 1.9495352506637573 352
1782816676592 2.053828716278076 353
1782816676593 2.1786248683929443 354
1782816676595 2.040090560913086 355
1782816676596 2.1315500736236572 356
1782816676598 1.8125414848327637 357
1782816676599 2.027000904083252 358
1782816676601 2.0867295265197754 359
1782816676602 2.146170139312744 360
1782816676604 2.0667483806610107 361
1782816676606 2.0957391262054443 362
1782816676608 2.0536141395568848 363
1782816676610 1.9835776090621948 364
1782816676611 2.109386682510376 365
1782816676613 2.0248124599456787 366
1782816676614 2.0408573150634766 367
1782816676616 1.9601659774780273 368
1782816676617 2.04683256149292 369
1782816676618 2.0128862857818604 370
1782816676620 2.109621286392212 371
1782816676621 1.986478328704834 372
1782816676623 2.039289712905884 373
1782816676624 2.0277884006500244 374
1782816676625 2.0119664669036865 375
1782816676627 2.0863945484161377 376
1782816676628 1.869354486465454 377
1782816676629 1.9840084314346313 378
1782816676631 1.8785076141357422 379
1782816676632 2.0208964347839355 380
1782816676633 1.8713514804840088 381
1782816676635 1.987982153892517 382
1782816676636 1.9857923984527588 383
1782816676637 1.979501724243164 384
1782816676639 1.984523892402649 385
1782816676640 2.0230398178100586 386
1782816676641 1.8436298370361328 387
1782816676643 1.9786847829818726 388
1782816676644 1.9981878995895386 389
1782816676645 1.860640525817871 390
1782816676647 1.9719637632369995 391
1782816676648 1.8686426877975464 392
1782816676649 1.9581049680709839 393
1782816676651 1.8990859985351562 394
1782816676652 1.960581660270691 395
1782816676654 1.9541274309158325 396
1782816676655 1.9651222229003906 397
1782816676656 2.114564895629883 398
1782816676657 1.9207745790481567 399
1782816676659 2.0242626667022705 400
1782816676660 1.830916404724121 401
1782816676661 2.0637400150299072 402
1782816676663 1.8931723833084106 403
1782816676664 1.8704617023468018 404
1782816676665 2.2296435832977295 405
1782816676667 1.8780637979507446 406
1782816676668 1.8544607162475586 407
1782816676669 1.9089701175689697 408
1782816676671 2.185365915298462 409
1782816676672 1.80648672580719 410
1782816676673 1.7863608598709106 411
1782816676675 1.7645305395126343 412
1782816676676 2.0841422080993652 413
1782816676677 2.057701349258423 414
1782816676678 1.7818446159362793 415
1782816676680 1.948254942893982 416
1782816676681 1.8295068740844727 417
1782816676682 1.7938815355300903 418
1782816676684 1.9394299983978271 419
1782816676685 1.8339048624038696 420
1782816676686 1.9750086069107056 421
1782816676688 1.8883012533187866 422
1782816676689 1.8141968250274658 423
1782816676690 1.7516816854476929 424
1782816676692 1.9239540100097656 425
1782816676693 1.8808553218841553 426
1782816676694 1.7804900407791138 427
1782816676695 1.8294087648391724 428
1782816676697 1.698864459991455 429
1782816676698 1.8314473628997803 430
1782816676700 1.5941781997680664 431
1782816676703 1.878554105758667 432
1782816676705 2.0442087650299072 433
1782816676707 1.8054866790771484 434
1782816676709 1.7237426042556763 435
1782816676710 1.817065715789795 436
1782816676712 1.7195425033569336 437
1782816676714 1.8126579523086548 438
1782816676716 1.725520372390747 439
1782816676719 1.8689475059509277 440
1782816676720 1.6830484867095947 441
1782816676722 1.960693597793579 442
1782816676724 1.807084321975708 443
1782816676726 1.8400547504425049 444
1782816676728 1.9572125673294067 445
1782816676730 1.783003568649292 446
1782816676732 1.8217706680297852 447
1782816676734 1.8136945962905884 448
1782816676736 1.9124184846878052 449
1782816676738 1.5917999744415283 450
1782816676739 1.609925627708435 451
1782816676741 1.645710825920105 452
1782816676743 1.818881869316101 453
1782816676744 1.6587176322937012 454
1782816676747 1.7206388711929321 455
1782816676752 1.7414872646331787 456
1782816676755 1.9792437553405762 457
1782816676757 1.8375725746154785 458
1782816676759 1.7091268301010132 459
1782816676761 1.8800466060638428 460
1782816676763 1.7054946422576904 461
1782816676764 1.8539098501205444 462
1782816676766 1.5671868324279785 463
1782816676767 1.5958023071289062 464
1782816676769 1.6473469734191895 465
1782816676770 1.6758311986923218 466
1782816676772 1.9042084217071533 467
1782816676773 1.7116948366165161 468
1782816676775 1.6255568265914917 469
1782816676776 1.5315845012664795 470
1782816676778 1.4215905666351318 471
1782816676779 1.5784865617752075 472
1782816676781 1.9096616506576538 473
1782816676782 1.8480173349380493 474
1782816676783 1.7820347547531128 475
1782816676785 1.7977043390274048 476
1782816676786 1.7948112487792969 477
1782816676787 1.5206923484802246 478
1782816676789 1.581175446510315 479
1782816676790 1.5105880498886108 480
1782816676792 1.717847228050232 481
1782816676793 1.5738104581832886 482
1782816676800 1.7888542413711548 483
1782816676802 1.6724640130996704 484
1782816676803 1.6550498008728027 485
1782816676805 1.5551823377609253 486
1782816676806 1.5617940425872803 487
1782816676808 1.7438262701034546 488
1782816676809 1.7441099882125854 489
1782816676810 1.813106656074524 490
1782816676812 1.5814450979232788 491
1782816676813 1.5272430181503296 492
1782816676814 1.451055884361267 493
1782816676816 1.5815964937210083 494
1782816676817 1.6236395835876465 495
1782816676818 1.7479170560836792 496
1782816676820 1.4083003997802734 497
1782816676821 1.8041930198669434 498
1782816676822 1.4903175830841064 499
1782816676824 1.467034935951233 500
1782816676825 1.528831958770752 501
1782816676826 1.4287776947021484 502
1782816676827 1.2863353490829468 503
1782816676829 1.4781402349472046 504
1782816676830 1.732750415802002 505
1782816676831 1.7838493585586548 506
1782816676833 1.6900140047073364 507
1782816676834 1.60630202293396 508
1782816676835 1.5406047105789185 509
1782816676837 1.4569487571716309 510
1782816676838 1.4333217144012451 511
1782816676839 1.420880913734436 512
1782816676841 1.5615990161895752 513
1782816676842 1.5813019275665283 514
1782816676843 1.4985181093215942 515
1782816676845 1.3983794450759888 516
1782816676846 1.3325053453445435 517
1782816676848 1.8428033590316772 518
1782816676849 1.584494709968567 519
1782816676851 1.23051118850708 520
1782816676852 1.5147738456726074 521
1782816676854 1.3789390325546265 522
1782816676856 1.576359510421753 523
1782816676857 1.649471402168274 524
1782816676858 1.2789236307144165 525
1782816676860 1.5695075988769531 526
1782816676861 1.419301152229309 527
1782816676863 1.7443734407424927 528
1782816676864 1.4853850603103638 529
1782816676866 1.605244755744934 530
1782816676867 1.4799394607543945 531
1782816676868 1.3746281862258911 532
1782816676870 1.3979166746139526 533
1782816676871 1.5254271030426025 534
1782816676873 1.4888852834701538 535
1782816676874 1.4060972929000854 536
1782816676875 1.205546498298645 537
1782816676877 1.465018630027771 538
1782816676878 1.4216688871383667 539
1782816676880 1.233612298965454 540
1782816676881 1.4794611930847168 541
1782816676882 1.593299150466919 542
1782816676884 1.2878940105438232 543
1782816676885 1.6456592082977295 544
1782816676887 1.3652114868164062 545
1782816676888 1.3534998893737793 546
1782816676889 1.4815489053726196 547
1782816676891 1.3187267780303955 548
1782816676892 1.4523614645004272 549
1782816676893 1.5443860292434692 550
1782816676895 1.783890724182129 551
1782816676896 1.4247535467147827 552
1782816676897 1.3156230449676514 553
1782816676899 1.139493465423584 554
1782816676901 1.2726951837539673 555
1782816676903 1.2699027061462402 556
1782816676905 1.2929887771606445 557
1782816676908 1.4345018863677979 558
1782816676910 1.6369191408157349 559
1782816676912 1.542290210723877 560
1782816676916 1.376945972442627 561
1782816676918 1.2567157745361328 562
1782816676923 1.4847705364227295 563
1782816676928 1.4874162673950195 564
1782816676934 1.3279622793197632 565
1782816676937 1.4330213069915771 566
1782816676939 1.6806410551071167 567
1782816676941 1.3221590518951416 568
1782816676943 1.404028058052063 569
1782816676945 1.1742336750030518 570
1782816676948 1.4804285764694214 571
1782816676950 1.6833860874176025 572
1782816676953 1.3421149253845215 573
1782816676955 1.4591988325119019 574
1782816676957 1.7287254333496094 575
1782816676959 1.31551194190979 576
1782816676960 1.4547628164291382 577
1782816676962 1.5722033977508545 578
1782816676963 1.6191188097000122 579
1782816676964 1.368746280670166 580
1782816676966 1.2987068891525269 581
1782816676967 1.3607224225997925 582
1782816676969 1.4592688083648682 583
1782816676970 1.0592811107635498 584
1782816676971 1.7396953105926514 585
1782816676973 1.3375107049942017 586
1782816676974 1.3913480043411255 587
1782816676975 1.2288514375686646 588
1782816676977 1.2684706449508667 589
1782816676978 1.4112628698349 590
1782816676979 1.4363526105880737 591
1782816676981 1.5112758874893188 592
1782816676982 1.5128533840179443 593
1782816676984 1.2696818113327026 594
1782816676985 1.4555485248565674 595
1782816676987 1.4846892356872559 596
1782816676988 1.3795822858810425 597
1782816676989 1.0823602676391602 598
1782816676991 1.1858365535736084 599
1782816676992 1.2483594417572021 600
1782816676994 1.5621943473815918 601
1782816676995 1.5208594799041748 602
1782816676996 1.439850926399231 603
1782816676998 1.2596954107284546 604
1782816676999 1.0821443796157837 605
1782816677001 1.1688604354858398 606
1782816677002 1.4617829322814941 607
1782816677004 1.3259221315383911 608
1782816677005 1.6215386390686035 609
1782816677007 1.4632755517959595 610
1782816677008 1.1972004175186157 611
1782816677010 1.2338560819625854 612
1782816677011 1.3343223333358765 613
1782816677012 1.0414032936096191 614
1782816677014 1.3960270881652832 615
1782816677015 1.8382185697555542 616
1782816677016 1.4034572839736938 617
1782816677018 1.5628925561904907 618
1782816677019 1.2997581958770752 619
1782816677021 1.162079095840454 620
1782816677022 1.3410236835479736 621
1782816677023 1.2411850690841675 622
1782816677025 1.462341070175171 623
1782816677026 1.2850799560546875 624
1782816677027 1.0571410655975342 625
1782816677029 1.414401650428772 626
1782816677030 1.5470077991485596 627
1782816677031 1.2511144876480103 628
1782816677033 1.0116404294967651 629
1782816677034 1.4261208772659302 630
1782816677036 1.3686025142669678 631
1782816677039 1.3203301429748535 632
1782816677040 1.1077017784118652 633
1782816677042 1.3514140844345093 634
1782816677044 1.437895655632019 635
1782816677046 1.3572614192962646 636
1782816677047 1.3228713274002075 637
1782816677049 1.3138326406478882 638
1782816677050 1.3377540111541748 639
1782816677052 1.4163818359375 640
1782816677053 1.4228087663650513 641
1782816677055 1.2870292663574219 642
1782816677056 1.1926865577697754 643
1782816677058 1.1638966798782349 644
1782816677059 1.2155877351760864 645
1782816677061 1.1511549949645996 646
1782816677062 1.4783021211624146 647
1782816677063 1.4146431684494019 648
1782816677065 1.1917082071304321 649
1782816677066 1.0939809083938599 650
1782816677068 1.0247448682785034 651
1782816677069 1.0238463878631592 652
1782816677071 1.3016544580459595 653
1782816677072 1.0644173622131348 654
1782816677074 1.2886329889297485 655
1782816677075 1.0891672372817993 656
1782816677077 0.9173935651779175 657
1782816677078 1.0685181617736816 658
1782816677080 0.8749659061431885 659
1782816677081 1.2090893983840942 660
1782816677083 1.0505636930465698 661
1782816677085 1.1547551155090332 662
1782816677087 1.3936879634857178 663
1782816677089 1.048491358757019 664
1782816677091 1.3196640014648438 665
1782816677093 1.2298632860183716 666
1782816677095 0.970249593257904 667
1782816677097 1.1695953607559204 668
1782816677100 1.1489566564559937 669
1782816677102 1.0270212888717651 670
1782816677104 1.1459146738052368 671
1782816677106 1.2157407999038696 672
1782816677108 1.3810791969299316 673
1782816677110 1.1020103693008423 674
1782816677112 1.3200422525405884 675
1782816677115 1.20237135887146 676
1782816677117 1.1332361698150635 677
1782816677119 1.1879171133041382 678
1782816677120 1.3545501232147217 679
1782816677122 1.1760653257369995 680
1782816677123 1.1998201608657837 681
1782816677125 1.2293182611465454 682
1782816677126 1.3881663084030151 683
1782816677128 1.3894400596618652 684
1782816677130 1.2403018474578857 685
1782816677132 1.2554817199707031 686
1782816677134 1.0697988271713257 687
1782816677136 1.2831027507781982 688
1782816677138 1.0436559915542603 689
1782816677139 1.2250345945358276 690
1782816677141 1.08440363407135 691
1782816677142 1.1793687343597412 692
1782816677144 1.476970911026001 693
1782816677145 1.1792281866073608 694
1782816677147 0.9797643423080444 695
1782816677148 1.3277019262313843 696
1782816677150 1.199607014656067 697
1782816677151 0.9584571123123169 698
1782816677153 1.2589794397354126 699
1782816677154 1.3057719469070435 700
1782816677156 1.4066728353500366 701
1782816677158 1.0213383436203003 702
1782816677159 1.002053141593933 703
1782816677161 0.9638623595237732 704
1782816677162 1.0371575355529785 705
1782816677163 1.137866735458374 706
1782816677165 1.0699690580368042 707
1782816677166 1.3645199537277222 708
1782816677167 1.0353991985321045 709
1782816677169 1.1282275915145874 710
1782816677170 1.2504781484603882 711
1782816677171 1.0134563446044922 712
1782816677173 1.3409216403961182 713
1782816677174 1.245804786682129 714
1782816677175 1.2107999324798584 715
1782816677177 0.8522891402244568 716
1782816677178 1.0798338651657104 717
1782816677179 0.9964441657066345 718
1782816677181 1.2257839441299438 719
1782816677182 0.925511360168457 720
1782816677184 1.297649621963501 721
1782816677185 0.9556623697280884 722
1782816677187 0.871452808380127 723
1782816677188 1.080836534500122 724
1782816677190 0.8960208296775818 725
1782816677191 1.323837161064148 726
1782816677193 1.2895607948303223 727
1782816677194 1.179410696029663 728
1782816677195 0.9764336943626404 729
1782816677197 1.0532848834991455 730
1782816677198 0.9074330925941467 731
1782816677200 1.1938565969467163 732
1782816677201 1.04501211643219 733
1782816677203 1.0195444822311401 734
1782816677204 1.1494821310043335 735
1782816677206 1.0426969528198242 736
1782816677208 1.1362857818603516 737
1782816677210 0.6407372951507568 738
1782816677211 1.2166320085525513 739
1782816677213 1.1029345989227295 740
1782816677215 1.0521044731140137 741
1782816677217 1.1510623693466187 742
1782816677218 0.869193434715271 743
1782816677220 1.0111656188964844 744
1782816677222 0.743215024471283 745
1782816677224 0.9692733883857727 746
1782816677225 0.7866654992103577 747
1782816677227 0.9782469272613525 748
1782816677229 0.8420128226280212 749
1782816677231 0.8189103007316589 750
1782816677232 1.0106418132781982 751
1782816677234 1.0280314683914185 752
1782816677236 1.0735148191452026 753
1782816677238 0.9394491314888 754
1782816677240 0.8287763595581055 755
1782816677241 0.8148781657218933 756
1782816677243 0.7929222583770752 757
1782816677244 0.823767900466919 758
1782816677245 0.5678561925888062 759
1782816677247 0.809273362159729 760
1782816677248 0.8622062802314758 761
1782816677250 1.36281418800354 762
1782816677251 0.682292103767395 763
1782816677253 0.823704719543457 764
1782816677254 0.6348364949226379 765
1782816677256 0.6720890402793884 766
1782816677257 0.5941565036773682 767
1782816677259 0.8256057500839233 768
1782816677261 0.9435956478118896 769
1782816677263 0.9955604076385498 770
1782816677265 0.841571569442749 771
1782816677267 0.6367273926734924 772
1782816677268 0.834200918674469 773
1782816677270 0.8474173545837402 774
1782816677272 0.6430220603942871 775
1782816677274 1.1069563627243042 776
1782816677276 0.7227562069892883 777
1782816677278 0.5489216446876526 778
1782816677281 0.8941605687141418 779
1782816677282 0.5615776777267456 780
1782816677284 0.6499528884887695 781
1782816677286 0.6972247362136841 782
1782816677288 0.6363388299942017 783
1782816677290 0.8508527874946594 784
1782816677291 0.5498826503753662 785
1782816677293 0.7047688961029053 786
1782816677295 0.8260531425476074 787
1782816677296 0.6700653433799744 788
1782816677298 0.6889345645904541 789
1782816677300 0.5642856955528259 790
1782816677302 0.6110337376594543 791
1782816677304 0.6928942203521729 792
1782816677306 1.1099296808242798 793
1782816677308 0.760297417640686 794
1782816677309 0.7686665654182434 795
1782816677311 0.5369683504104614 796
1782816677313 0.7794486880302429 797
1782816677315 0.4147263765335083 798
1782816677316 0.7609228491783142 799
1782816677318 0.5844133496284485 800
1782816677319 0.49122506380081177 801
1782816677321 0.6365771889686584 802
1782816677322 0.6784170866012573 803
1782816677323 0.6662612557411194 804
1782816677325 0.44600093364715576 805
1782816677326 0.7135391235351562 806
1782816677328 0.4410211443901062 807
1782816677329 0.6230310201644897 808
1782816677331 0.5185040831565857 809
1782816677332 0.5104029178619385 810
1782816677334 0.9486704468727112 811
1782816677336 0.728575587272644 812
1782816677337 0.7029408812522888 813
1782816677339 0.8574985265731812 814
1782816677340 0.7890065312385559 815
1782816677342 0.6455216407775879 816
1782816677343 0.4840537905693054 817
1782816677344 0.7078343033790588 818
1782816677346 0.6753960847854614 819
1782816677348 0.569654643535614 820
1782816677349 1.331770658493042 821
1782816677350 0.7729414105415344 822
1782816677352 0.5322459936141968 823
1782816677353 0.5472942590713501 824
1782816677355 0.7276273965835571 825
1782816677356 0.8783531188964844 826
1782816677358 0.5487825870513916 827
1782816677359 0.6068633198738098 828
1782816677361 0.5504260659217834 829
1782816677362 0.7217285633087158 830
1782816677363 0.6217470169067383 831
1782816677365 0.8719666004180908 832
1782816677366 0.6449406743049622 833
1782816677368 0.4160047769546509 834
1782816677369 0.5929223299026489 835
1782816677371 0.5324499011039734 836
1782816677372 0.5224440693855286 837
1782816677374 0.5541008710861206 838
1782816677376 0.5642927289009094 839
1782816677378 0.5225854516029358 840
1782816677379 0.7358511090278625 841
1782816677381 0.7023260593414307 842
1782816677383 0.7307789921760559 843
1782816677385 0.774651288986206 844
1782816677386 0.46080443263053894 845
1782816677388 0.5424303412437439 846
1782816677389 0.6123180389404297 847
1782816677391 0.6206457018852234 848
1782816677392 0.5646712779998779 849
1782816677394 0.4785687029361725 850
1782816677395 0.6328848600387573 851
1782816677397 0.7327836155891418 852
1782816677398 0.4871070981025696 853
1782816677399 0.7512089610099792 854
1782816677401 0.6231493949890137 855
1782816677402 0.5771951079368591 856
1782816677404 0.7330945134162903 857
1782816677405 0.6371991634368896 858
1782816677408 0.591575026512146 859
1782816677410 0.5476193428039551 860
1782816677412 0.4658569097518921 861
1782816677414 0.428673654794693 862
1782816677416 0.581562340259552 863
1782816677419 0.4747229814529419 864
1782816677421 0.43198952078819275 865
1782816677423 0.6620263457298279 866
1782816677425 0.4778079390525818 867
1782816677428 0.5324486494064331 868
1782816677430 0.5515943765640259 869
1782816677432 0.5901533365249634 870
1782816677434 0.931816577911377 871
1782816677436 0.6170485019683838 872
1782816677438 0.5099525451660156 873
1782816677441 0.6139883399009705 874
1782816677442 0.737794041633606 875
1782816677444 0.7386415600776672 876
1782816677446 0.7166356444358826 877
1782816677447 0.9246829748153687 878
1782816677449 0.7514892816543579 879
1782816677451 0.648037314414978 880
1782816677454 0.6633599400520325 881
1782816677455 0.6421462297439575 882
1782816677456 0.6179404854774475 883
1782816677458 0.8181309700012207 884
1782816677459 0.5881491303443909 885
1782816677463 0.6846930980682373 886
1782816677465 0.46297675371170044 887
1782816677467 0.8744367361068726 888
1782816677469 0.4725470244884491 889
1782816677472 0.4103623330593109 890
1782816677475 0.5925576686859131 891
1782816677477 0.3975270390510559 892
1782816677480 0.42838093638420105 893
1782816677482 0.6527612209320068 894
1782816677484 0.42058685421943665 895
1782816677486 0.4717819094657898 896
1782816677489 0.43875083327293396 897
1782816677491 0.3795687258243561 898
1782816677493 0.5404126048088074 899
1782816677495 0.5350850224494934 900
1782816677496 0.34228047728538513 901
1782816677498 0.5015057325363159 902
1782816677500 0.5226011276245117 903
1782816677501 0.5298362970352173 904
1782816677503 0.4408569931983948 905
1782816677504 0.41172894835472107 906
1782816677506 0.3983364403247833 907
1782816677508 0.5735256671905518 908
1782816677510 0.316456139087677 909
1782816677512 0.5904910564422607 910
1782816677514 0.458052396774292 911
1782816677516 0.4319942593574524 912
1782816677518 0.5926417112350464 913
1782816677519 0.6632823944091797 914
1782816677521 0.75688636302948 915
1782816677523 0.6528001427650452 916
1782816677525 0.4062804579734802 917
1782816677526 0.3404649794101715 918
1782816677527 0.6273733973503113 919
1782816677529 0.37573134899139404 920
1782816677531 0.4895927608013153 921
1782816677532 0.5118739008903503 922
1782816677533 0.3949223458766937 923
1782816677535 0.5190585851669312 924
1782816677536 0.5976775884628296 925
1782816677538 0.34815290570259094 926
1782816677539 0.5950376391410828 927
1782816677541 0.48527929186820984 928
1782816677542 0.6096761226654053 929
1782816677544 0.43322867155075073 930
1782816677545 0.6211183071136475 931
1782816677547 0.7650867104530334 932
1782816677548 0.5724263787269592 933
1782816677550 0.7004620432853699 934
1782816677551 0.2886814773082733 935
1782816677553 0.35283568501472473 936
1782816677554 0.8259096741676331 937
1782816677555 0.7976802587509155 938
1782816677557 0.37625470757484436 939
1782816677558 0.5433011651039124 940
1782816677560 0.5506370663642883 941
1782816677561 0.4696592092514038 942
1782816677562 0.5167956948280334 943
1782816677564 0.574638307094574 944
1782816677565 0.26324230432510376 945
1782816677567 0.2922007143497467 946
1782816677568 0.4607781767845154 947
1782816677569 0.6492191553115845 948
1782816677572 0.5609683394432068 949
1782816677573 0.7001907229423523 950
1782816677575 0.7885655164718628 951
1782816677576 0.4304594397544861 952
1782816677577 0.5374767184257507 953
1782816677579 0.5765866637229919 954
1782816677580 0.5866177082061768 955
1782816677582 0.5970991253852844 956
1782816677583 0.36498555541038513 957
1782816677585 0.45485907793045044 958
1782816677586 0.757316529750824 959
1782816677588 0.48307672142982483 960
1782816677589 0.5311366319656372 961
1782816677591 0.5028001666069031 962
1782816677592 0.48855075240135193 963
1782816677593 0.7576944231987 964
1782816677595 0.7552884817123413 965
1782816677596 0.6669532656669617 966
1782816677598 0.454723984003067 967
1782816677599 0.4128715395927429 968
1782816677600 0.791650652885437 969
1782816677602 0.3912392854690552 970
1782816677603 0.6623983383178711 971
1782816677605 0.4155060052871704 972
1782816677606 0.5428997874259949 973
1782816677607 0.4591772258281708 974
1782816677609 0.39834243059158325 975
1782816677610 0.313446044921875 976
1782816677611 0.4189261198043823 977
1782816677613 0.42214009165763855 978
1782816677614 0.6649354100227356 979
1782816677616 0.6828802824020386 980
1782816677617 0.47412657737731934 981
1782816677619 0.6919065713882446 982
1782816677621 0.4994274973869324 983
1782816677623 0.46222344040870667 984
1782816677625 0.7639935612678528 985
1782816677626 0.2823946475982666 986
1782816677628 0.5178705453872681 987
1782816677630 0.391647070646286 988
1782816677632 0.43671172857284546 989
1782816677634 0.38466110825538635 990
1782816677636 0.45878124237060547 991
1782816677638 0.6815345883369446 992
1782816677640 0.4664362370967865 993
1782816677642 0.2596586048603058 994
1782816677644 0.46296969056129456 995
1782816677646 0.4344148337841034 996
1782816677648 0.8950665593147278 997
1782816677651 0.5901282429695129 998
1782816677653 0.33474767208099365 999
1782816677655 0.9231616854667664 1000
1782816677656 0.5096816420555115 1001
1782816677658 0.45363539457321167 1002
1782816677660 0.6811732053756714 1003
1782816677662 1.0104204416275024 1004
1782816677663 0.28357750177383423 1005
1782816677665 0.5956555008888245 1006
1782816677666 0.22336313128471375 1007
1782816677668 0.2796156406402588 1008
1782816677669 0.26723480224609375 1009
1782816677671 0.44774144887924194 1010
1782816677673 0.3188888728618622 1011
1782816677675 0.3240887224674225 1012
1782816677677 0.44605758786201477 1013
1782816677679 0.48891016840934753 1014
1782816677681 0.3674284517765045 1015
1782816677682 0.27763116359710693 1016
1782816677683 0.5425432324409485 1017
1782816677685 0.32482990622520447 1018
1782816677686 0.7464157938957214 1019
1782816677688 0.515982449054718 1020
1782816677690 0.30794548988342285 1021
1782816677692 0.8788434267044067 1022
1782816677694 0.2573574185371399 1023
1782816677696 0.5437472462654114 1024
1782816677698 0.6024999022483826 1025
1782816677700 0.2842637300491333 1026
1782816677702 0.313263863325119 1027
1782816677704 0.4199810326099396 1028
1782816677706 0.3221953511238098 1029
1782816677708 0.37975648045539856 1030
1782816677709 0.3760189712047577 1031
1782816677711 0.5555177927017212 1032
1782816677712 0.5939945578575134 1033
1782816677714 0.3421059250831604 1034
1782816677715 0.5162613391876221 1035
1782816677717 0.5697774887084961 1036
1782816677718 0.3667677044868469 1037
1782816677720 0.3413770794868469 1038
1782816677721 0.48802077770233154 1039
1782816677722 0.36505451798439026 1040
1782816677724 0.2457156479358673 1041
1782816677725 0.4827626347541809 1042
1782816677727 0.6063925623893738 1043
1782816677728 0.389098197221756 1044
1782816677729 0.9552722573280334 1045
1782816677731 0.5546175837516785 1046
1782816677732 0.6757133603096008 1047
1782816677734 0.3617604672908783 1048
1782816677735 0.6573019623756409 1049
1782816677736 0.5127357840538025 1050
1782816677738 0.3700738251209259 1051
1782816677739 0.36380237340927124 1052
1782816677741 0.4693547189235687 1053
1782816677743 0.5684780478477478 1054
1782816677744 0.3167237639427185 1055
1782816677746 0.35344287753105164 1056
1782816677748 0.4997623562812805 1057
1782816677750 0.7864235043525696 1058
1782816677751 0.4452008008956909 1059
1782816677753 0.36274221539497375 1060
1782816677755 0.4693327844142914 1061
1782816677757 0.4805448651313782 1062
1782816677758 0.3604590594768524 1063
1782816677760 0.44519779086112976 1064
1782816677761 0.2598941922187805 1065
1782816677763 0.9424453377723694 1066
1782816677765 0.37822425365448 1067
1782816677767 0.45123860239982605 1068
1782816677768 0.28852590918540955 1069
1782816677770 0.38364189863204956 1070
1782816677771 0.5505589246749878 1071
1782816677773 0.3571103513240814 1072
1782816677775 0.2735241949558258 1073
1782816677776 0.4119483232498169 1074
1782816677777 0.41683828830718994 1075
1782816677779 0.5676758289337158 1076
1782816677781 0.38124579191207886 1077
1782816677783 0.7411397695541382 1078
1782816677785 0.3480894863605499 1079
1782816677786 0.5600461363792419 1080
1782816677788 0.4381095767021179 1081
1782816677789 0.5131034851074219 1082
1782816677790 0.30733540654182434 1083
1782816677792 0.5810407400131226 1084
1782816677794 0.41601109504699707 1085
1782816677796 0.2843794822692871 1086
1782816677797 0.4838721454143524 1087
1782816677800 0.3269170820713043 1088
1782816677802 0.4856303036212921 1089
1782816677803 0.5274799466133118 1090
1782816677806 0.5769792795181274 1091
1782816677808 0.5507416129112244 1092
1782816677810 0.2856796681880951 1093
1782816677811 0.46819156408309937 1094
1782816677813 0.5462611317634583 1095
1782816677815 0.24320022761821747 1096
1782816677816 0.5144606232643127 1097
1782816677818 0.44918808341026306 1098
1782816677820 0.3210197389125824 1099
1782816677821 0.6033728122711182 1100
1782816677823 0.4918961226940155 1101
1782816677825 0.49766549468040466 1102
1782816677827 0.39235585927963257 1103
1782816677828 0.5019174218177795 1104
1782816677830 0.5201202630996704 1105
1782816677831 0.3756096065044403 1106
1782816677833 0.581184446811676 1107
1782816677834 0.5742652416229248 1108
1782816677836 0.30315136909484863 1109
1782816677837 0.3773881494998932 1110
1782816677839 0.2138964980840683 1111
1782816677841 0.5073097348213196 1112
1782816677843 0.6022055745124817 1113
1782816677844 0.5802934169769287 1114
1782816677846 0.3981068730354309 1115
1782816677848 0.39392855763435364 1116
1782816677850 0.4364349842071533 1117
1782816677851 0.7234787940979004 1118
1782816677853 0.246673122048378 1119
1782816677854 0.4999038279056549 1120
1782816677856 0.3232032358646393 1121
1782816677857 0.44212743639945984 1122
1782816677859 0.41344356536865234 1123
1782816677860 0.37800946831703186 1124
1782816677862 0.173198401927948 1125
1782816677863 0.37623369693756104 1126
1782816677865 0.2908981144428253 1127
1782816677866 0.28823184967041016 1128
1782816677868 0.699141800403595 1129
1782816677869 0.45692330598831177 1130
1782816677871 0.1961880326271057 1131
1782816677872 0.3972943425178528 1132
1782816677873 0.3605499267578125 1133
1782816677875 0.3759737014770508 1134
1782816677876 0.2851497530937195 1135
1782816677878 0.3812088370323181 1136
1782816677879 0.5412663221359253 1137
1782816677881 0.6308534145355225 1138
1782816677882 0.37792301177978516 1139
1782816677883 0.45597803592681885 1140
1782816677885 0.3492182493209839 1141
1782816677886 0.5012408494949341 1142
1782816677888 0.2760067582130432 1143
1782816677889 0.6790839433670044 1144
1782816677891 0.4613897204399109 1145
1782816677892 0.3643304705619812 1146
1782816677894 0.2873102128505707 1147
1782816677895 0.2733290493488312 1148
1782816677897 0.44662365317344666 1149
1782816677899 0.36076241731643677 1150
1782816677901 0.5801392793655396 1151
1782816677904 0.4277816116809845 1152
1782816677906 0.2694036364555359 1153
1782816677908 0.3734557628631592 1154
1782816677910 0.2591318190097809 1155
1782816677912 0.32874107360839844 1156
1782816677915 0.2300538420677185 1157
1782816677917 0.3812595009803772 1158
1782816677919 0.6648061871528625 1159
1782816677921 0.6931991577148438 1160
1782816677923 0.5405014157295227 1161
1782816677925 0.3681277334690094 1162
1782816677927 0.4446273446083069 1163
1782816677929 0.4954194128513336 1164
1782816677931 0.41941964626312256 1165
1782816677933 0.28752443194389343 1166
1782816677936 0.6169127225875854 1167
1782816677938 0.8669066429138184 1168
1782816677940 0.3095477521419525 1169
1782816677942 0.49996984004974365 1170
1782816677944 0.44392070174217224 1171
1782816677946 0.25994306802749634 1172
1782816677948 0.2577504813671112 1173
1782816677950 0.29687416553497314 1174
1782816677952 0.5886006355285645 1175
1782816677955 0.5863051414489746 1176
1782816677957 0.6002971529960632 1177
1782816677959 0.29653698205947876 1178
1782816677961 0.3131353259086609 1179
1782816677963 0.21897080540657043 1180
1782816677965 0.48204272985458374 1181
1782816677967 0.20262514054775238 1182
1782816677969 0.5879854559898376 1183
1782816677971 0.2429153025150299 1184
1782816677974 0.4115941524505615 1185
1782816677976 0.40702924132347107 1186
1782816677978 0.4317319989204407 1187
1782816677980 0.3033451735973358 1188
1782816677982 0.22639010846614838 1189
1782816677984 0.46990928053855896 1190
1782816677986 0.3286302983760834 1191
1782816677989 0.36705368757247925 1192
1782816677991 0.514888346195221 1193
1782816677993 0.39338505268096924 1194
1782816677996 0.45597803592681885 1195
1782816677998 0.26328402757644653 1196
1782816678001 0.3577503561973572 1197
1782816678004 0.21220800280570984 1198
1782816678007 0.404485821723938 1199
1782816678009 0.5046894550323486 1200
1782816678012 0.2828921675682068 1201
1782816678014 0.31678226590156555 1202
1782816678017 0.7130701541900635 1203
1782816678018 0.3148159682750702 1204
1782816678020 0.41727960109710693 1205
1782816678022 0.44048720598220825 1206
1782816678024 0.39607927203178406 1207
1782816678025 0.46241965889930725 1208
1782816678027 0.30341795086860657 1209
1782816678028 0.5040326118469238 1210
1782816678030 0.5360068678855896 1211
1782816678032 0.5442764759063721 1212
1782816678034 0.4084705710411072 1213
1782816678035 0.4508512616157532 1214
1782816678037 0.36792153120040894 1215
1782816678038 0.533312201499939 1216
1782816678040 0.25283414125442505 1217
1782816678041 0.20039883255958557 1218
1782816678042 0.2663291394710541 1219
1782816678044 0.3749473989009857 1220
1782816678045 0.5606055855751038 1221
1782816678047 0.3813898265361786 1222
1782816678048 0.5327407717704773 1223
1782816678050 0.3447134792804718 1224
1782816678051 0.2120497226715088 1225
1782816678053 0.3152797818183899 1226
1782816678054 0.3553839921951294 1227
1782816678055 0.168603777885437 1228
1782816678057 0.23191243410110474 1229
1782816678058 0.26378992199897766 1230
1782816678060 0.2257680892944336 1231
1782816678061 0.34270575642585754 1232
1782816678062 0.6666837930679321 1233
1782816678064 0.22649644315242767 1234
1782816678065 0.34936967492103577 1235
1782816678066 0.44685178995132446 1236
1782816678068 0.5333239436149597 1237
1782816678069 0.49948862195014954 1238
1782816678070 0.5245069861412048 1239
1782816678072 0.2879432141780853 1240
1782816678073 0.43091610074043274 1241
1782816678075 0.5453843474388123 1242
1782816678076 0.16488060355186462 1243
1782816678077 0.35635891556739807 1244
1782816678079 0.24244976043701172 1245
1782816678080 0.4736713767051697 1246
1782816678081 0.3467952311038971 1247
1782816678083 0.47792696952819824 1248
1782816678084 0.3366854190826416 1249
1782816678086 0.5021328926086426 1250
1782816678087 0.3631705641746521 1251
1782816678089 0.42774221301078796 1252
1782816678090 0.5629539489746094 1253
1782816678091 0.3829902410507202 1254
1782816678093 0.3817586898803711 1255
1782816678094 0.33677905797958374 1256
1782816678096 0.19280460476875305 1257
1782816678097 0.32165589928627014 1258
1782816678098 0.45876118540763855 1259
1782816678100 0.21395470201969147 1260
1782816678101 0.4094119369983673 1261
1782816678103 0.3743823766708374 1262
1782816678104 0.2850039601325989 1263
1782816678105 0.2923307716846466 1264
1782816678107 0.2928329110145569 1265
1782816678108 0.49519237875938416 1266
1782816678109 0.24353280663490295 1267
1782816678110 0.36248600482940674 1268
1782816678112 0.4233754575252533 1269
1782816678113 0.419420063495636 1270
1782816678115 0.5873030424118042 1271
1782816678116 0.6162933707237244 1272
1782816678117 0.5407076478004456 1273
1782816678119 0.5393832325935364 1274
1782816678120 0.26280298829078674 1275
1782816678122 0.39395448565483093 1276
1782816678123 0.25747600197792053 1277
1782816678124 0.28360307216644287 1278
1782816678126 0.22641077637672424 1279
1782816678127 0.30654028058052063 1280
1782816678129 0.2777003347873688 1281
1782816678130 0.6227426528930664 1282
1782816678131 0.3052838146686554 1283
1782816678133 0.3934198021888733 1284
1782816678134 0.4300488531589508 1285
1782816678136 0.29196518659591675 1286
1782816678137 0.2046685814857483 1287
1782816678138 0.32249927520751953 1288
1782816678140 0.2557743787765503 1289
1782816678141 0.3860490918159485 1290
1782816678143 0.5981756448745728 1291
1782816678144 0.2884344160556793 1292
1782816678146 0.3185754716396332 1293
1782816678147 0.17368184030056 1294
1782816678149 0.5471438765525818 1295
1782816678150 0.31023356318473816 1296
1782816678151 0.6333947777748108 1297
1782816678153 0.25676682591438293 1298
1782816678154 0.8582553863525391 1299
1782816678156 0.5436046123504639 1300
1782816678157 0.45610660314559937 1301
1782816678159 0.35001340508461 1302
1782816678160 0.2726612687110901 1303
1782816678162 0.22933229804039001 1304
1782816678163 0.49395740032196045 1305
1782816678164 0.6030162572860718 1306
1782816678166 0.2651883065700531 1307
1782816678167 0.491271436214447 1308
1782816678169 0.39427846670150757 1309
1782816678170 0.23295319080352783 1310
1782816678172 0.16391630470752716 1311
1782816678173 0.8236739039421082 1312
1782816678175 0.4571339786052704 1313
1782816678176 0.42500197887420654 1314
1782816678177 0.24501797556877136 1315
1782816678179 0.5774745345115662 1316
1782816678181 0.32112228870391846 1317
1782816678182 0.4761441648006439 1318
1782816678184 0.4853658974170685 1319
1782816678186 0.2553718388080597 1320
1782816678189 0.3635038137435913 1321
1782816678191 0.2734328806400299 1322
1782816678193 0.20750008523464203 1323
1782816678196 0.4757634401321411 1324
1782816678198 0.39041638374328613 1325
1782816678200 0.5290603637695312 1326
1782816678202 0.49988216161727905 1327
1782816678204 0.3241150975227356 1328
1782816678206 0.38410380482673645 1329
1782816678208 0.28751662373542786 1330
1782816678210 0.2395501732826233 1331
1782816678212 0.4127819240093231 1332
1782816678213 0.262638658285141 1333
1782816678215 0.3220115005970001 1334
1782816678217 0.5533560514450073 1335
1782816678218 0.2540549337863922 1336
1782816678220 0.17424941062927246 1337
1782816678222 0.24432171881198883 1338
1782816678224 0.5486737489700317 1339
1782816678225 0.8088535666465759 1340
1782816678227 0.7155015468597412 1341
1782816678229 0.48136258125305176 1342
1782816678230 0.40397030115127563 1343
1782816678232 0.6295140385627747 1344
1782816678233 0.541749894618988 1345
1782816678235 0.3331716060638428 1346
1782816678236 0.32356923818588257 1347
1782816678238 0.5980391502380371 1348
1782816678239 0.2064623385667801 1349
1782816678241 0.1305389553308487 1350
1782816678242 0.47079625725746155 1351
1782816678243 0.2965553402900696 1352
1782816678245 0.5092473030090332 1353
1782816678247 0.5882853269577026 1354
1782816678248 0.6482394933700562 1355
1782816678250 0.32100909948349 1356
1782816678251 0.7629268169403076 1357
1782816678253 0.37321943044662476 1358
1782816678255 0.21665270626544952 1359
1782816678256 0.4734555184841156 1360
1782816678258 0.28193050622940063 1361
1782816678259 0.13808448612689972 1362
1782816678260 0.7554027438163757 1363
1782816678262 0.22014029324054718 1364
1782816678263 0.2254517823457718 1365
1782816678265 0.411257803440094 1366
1782816678267 0.2864336371421814 1367
1782816678268 0.20006291568279266 1368
1782816678270 0.21026383340358734 1369
1782816678271 0.1195879653096199 1370
1782816678274 0.7250890731811523 1371
1782816678275 0.253492146730423 1372
1782816678277 0.44881337881088257 1373
1782816678278 0.31828194856643677 1374
1782816678281 0.160051167011261 1375
1782816678283 0.5665951371192932 1376
1782816678284 0.24801236391067505 1377
1782816678286 0.2845904231071472 1378
1782816678288 0.3964327275753021 1379
1782816678290 0.5721109509468079 1380
1782816678291 0.3483276665210724 1381
1782816678293 0.45097288489341736 1382
1782816678295 0.6102108955383301 1383
1782816678296 0.7206846475601196 1384
1782816678298 0.37749990820884705 1385
1782816678299 0.7668593525886536 1386
1782816678301 0.880440354347229 1387
1782816678302 0.348273366689682 1388
1782816678304 0.16915027797222137 1389
1782816678305 0.38519319891929626 1390
1782816678307 0.45927929878234863 1391
1782816678308 0.366069495677948 1392
1782816678310 0.5015860199928284 1393
1782816678311 0.5262911319732666 1394
1782816678313 0.4914189875125885 1395
1782816678314 0.41390153765678406 1396
1782816678315 0.4478665292263031 1397
1782816678317 0.24803340435028076 1398
1782816678318 0.5697895884513855 1399
1782816678320 0.3263626992702484 1400
1782816678322 0.3638748824596405 1401
1782816678323 0.44867607951164246 1402
1782816678325 0.5520226955413818 1403
1782816678326 0.5056180357933044 1404
1782816678327 0.4163345992565155 1405
1782816678329 0.3028019070625305 1406
1782816678330 0.3826799988746643 1407
1782816678331 0.37302297353744507 1408
1782816678333 0.29268234968185425 1409
1782816678335 0.4560491442680359 1410
1782816678336 0.4098174273967743 1411
1782816678337 0.4839119017124176 1412
1782816678339 0.30929428339004517 1413
1782816678340 0.27426213026046753 1414
1782816678342 0.3358883261680603 1415
1782816678343 0.43288248777389526 1416
1782816678344 0.5676990151405334 1417
1782816678346 0.4922385513782501 1418
1782816678348 0.33281025290489197 1419
1782816678349 0.3744980990886688 1420
1782816678350 0.5850481390953064 1421
1782816678352 0.563645601272583 1422
1782816678353 0.3173622190952301 1423
1782816678355 0.23640736937522888 1424
1782816678356 0.6148464679718018 1425
1782816678357 0.7016909122467041 1426
1782816678359 0.5848388075828552 1427
1782816678361 0.2963770627975464 1428
1782816678362 0.33994731307029724 1429
1782816678364 0.41553258895874023 1430
1782816678365 0.25267332792282104 1431
1782816678366 0.37174829840660095 1432
1782816678368 0.5184130668640137 1433
1782816678369 0.22463670372962952 1434
1782816678371 0.49594756960868835 1435
1782816678372 0.7414642572402954 1436
1782816678374 0.5956658124923706 1437
1782816678375 0.3534137010574341 1438
1782816678376 0.19012120366096497 1439
1782816678378 0.2865746319293976 1440
1782816678379 0.20834890007972717 1441
1782816678380 0.39228036999702454 1442
1782816678382 0.14244268834590912 1443
1782816678383 0.390575110912323 1444
1782816678384 0.25359293818473816 1445
1782816678386 0.46628546714782715 1446
1782816678387 0.736171305179596 1447
1782816678389 0.22482554614543915 1448
1782816678390 0.4436112940311432 1449
1782816678391 0.5065968632698059 1450
1782816678393 0.39288827776908875 1451
1782816678395 0.4721652567386627 1452
1782816678396 0.13547219336032867 1453
1782816678398 0.8849782347679138 1454
1782816678399 0.6513959765434265 1455
1782816678401 0.25247815251350403 1456
1782816678402 0.32100212574005127 1457
1782816678403 0.9172548651695251 1458
1782816678405 0.6319106221199036 1459
1782816678408 0.5245598554611206 1460
1782816678411 0.592634916305542 1461
1782816678413 0.3095938563346863 1462
1782816678415 0.35162612795829773 1463
1782816678417 0.3735782504081726 1464
1782816678419 0.29723358154296875 1465
1782816678421 0.6299604773521423 1466
1782816678423 0.17676426470279694 1467
1782816678425 0.17355205118656158 1468
1782816678427 0.37068837881088257 1469
1782816678429 0.3378044366836548 1470
1782816678431 0.8930691480636597 1471
1782816678433 0.2779633700847626 1472
1782816678435 0.383379191160202 1473
1782816678437 0.4041534662246704 1474
1782816678439 0.37943100929260254 1475
1782816678441 0.208392933011055 1476
1782816678442 0.3663504719734192 1477
1782816678444 0.1538844108581543 1478
1782816678445 0.39262545108795166 1479
1782816678447 0.4085193872451782 1480
1782816678449 0.2017933577299118 1481
1782816678451 0.17680297791957855 1482
1782816678453 0.39611661434173584 1483
1782816678455 0.47371649742126465 1484
1782816678459 0.3741588294506073 1485
1782816678461 0.3447827100753784 1486
1782816678463 0.6137778759002686 1487
1782816678464 0.5238437056541443 1488
1782816678466 0.2317509651184082 1489
1782816678468 0.3877204656600952 1490
1782816678470 0.3255557715892792 1491
1782816678471 0.1857251524925232 1492
1782816678473 0.13729532063007355 1493
1782816678474 0.28610002994537354 1494
1782816678476 0.22457703948020935 1495
1782816678477 0.4093053340911865 1496
1782816678480 0.4375357925891876 1497
1782816678484 0.32166925072669983 1498
1782816678486 0.3817310333251953 1499
1782816678488 0.3211062550544739 1500
1782816678490 0.35934314131736755 1501
1782816678492 0.4154703915119171 1502
1782816678494 0.389773964881897 1503
1782816678497 0.43741685152053833 1504
1782816678499 0.4556041955947876 1505
1782816678501 0.2257279008626938 1506
1782816678503 0.5052691102027893 1507
1782816678506 0.7272692918777466 1508
1782816678508 0.18054337799549103 1509
1782816678510 0.37604010105133057 1510
1782816678513 0.3377712666988373 1511
1782816678515 0.3687979578971863 1512
1782816678517 0.7900095582008362 1513
1782816678519 0.3876633644104004 1514
1782816678522 0.344413161277771 1515
1782816678524 0.2367546707391739 1516
1782816678527 0.605725109577179 1517
1782816678529 0.3666938543319702 1518
1782816678531 0.29963281750679016 1519
1782816678533 0.32389840483665466 1520
1782816678536 0.27388301491737366 1521
1782816678538 0.6964202523231506 1522
1782816678540 0.2347216010093689 1523
1782816678543 0.25844284892082214 1524
1782816678545 0.15534546971321106 1525
1782816678547 0.4517552852630615 1526
1782816678548 0.2706676721572876 1527
1782816678550 0.3822828531265259 1528
1782816678551 0.1578865796327591 1529
1782816678553 0.24375122785568237 1530
1782816678554 0.6759560108184814 1531
1782816678556 0.278609961271286 1532
1782816678557 0.64559006690979 1533
1782816678559 0.20254479348659515 1534
1782816678560 0.2753084897994995 1535
1782816678562 0.14732185006141663 1536
1782816678563 0.5807996392250061 1537
1782816678564 0.2828301787376404 1538
1782816678566 0.44117414951324463 1539
1782816678567 0.5123506784439087 1540
1782816678569 0.4084732234477997 1541
1782816678570 0.4291313588619232 1542
1782816678572 0.2569564878940582 1543
1782816678573 0.4334184229373932 1544
1782816678575 0.23414477705955505 1545
1782816678576 0.12093521654605865 1546
1782816678578 0.2101287692785263 1547
1782816678579 0.3879880905151367 1548
1782816678581 0.5960481762886047 1549
1782816678582 0.29994943737983704 1550
1782816678585 0.2917381227016449 1551
1782816678586 0.1658666580915451 1552
1782816678587 0.31177496910095215 1553
1782816678589 0.2462882399559021 1554
1782816678591 0.7270078659057617 1555
1782816678592 0.13202215731143951 1556
1782816678594 0.42357248067855835 1557
1782816678596 0.3713957369327545 1558
1782816678598 0.15158867835998535 1559
1782816678600 0.14595358073711395 1560
1782816678602 0.36180877685546875 1561
1782816678603 0.3655182123184204 1562
1782816678605 0.864118218421936 1563
1782816678607 0.598820149898529 1564
1782816678609 0.35155490040779114 1565
1782816678610 0.22716134786605835 1566
1782816678612 0.8152563571929932 1567
1782816678613 0.37097087502479553 1568
1782816678614 0.3515159487724304 1569
1782816678615 0.5894355773925781 1570
1782816678617 0.23920001089572906 1571
1782816678618 0.3634505271911621 1572
1782816678619 0.4252743124961853 1573
1782816678621 0.3894157111644745 1574
1782816678622 0.4877850115299225 1575
1782816678624 0.37299907207489014 1576
1782816678625 0.37315449118614197 1577
1782816678626 0.35799190402030945 1578
1782816678628 0.6031622886657715 1579
1782816678629 0.42089423537254333 1580
1782816678630 0.3544482886791229 1581
1782816678632 0.39075136184692383 1582
1782816678633 0.22398051619529724 1583
1782816678634 0.29496029019355774 1584
1782816678636 0.25391772389411926 1585
1782816678637 0.29859459400177 1586
1782816678639 0.3014214038848877 1587
1782816678640 0.4746537208557129 1588
1782816678641 0.21493135392665863 1589
1782816678643 0.44706737995147705 1590
1782816678644 0.37139952182769775 1591
1782816678646 0.1387450098991394 1592
1782816678647 0.23581179976463318 1593
1782816678650 0.5708231329917908 1594
1782816678652 0.5419213771820068 1595
1782816678654 0.3540246784687042 1596
1782816678656 0.3269709646701813 1597
1782816678658 0.49485015869140625 1598
1782816678660 0.4394596815109253 1599
1782816678662 0.23289944231510162 1600
1782816678664 0.21805107593536377 1601
1782816678665 0.8314740061759949 1602
1782816678667 0.4535773992538452 1603
1782816678669 0.4664600193500519 1604
1782816678670 0.1387975811958313 1605
1782816678672 0.4772682189941406 1606
1782816678674 0.6915177702903748 1607
1782816678676 0.3073338568210602 1608
1782816678678 0.45905762910842896 1609
1782816678679 0.3317302465438843 1610
1782816678681 0.2908308506011963 1611
1782816678683 0.4583176374435425 1612
1782816678684 1.0270988941192627 1613
1782816678686 0.43071675300598145 1614
1782816678687 0.4203503131866455 1615
1782816678689 0.21233312785625458 1616
1782816678690 0.5737199187278748 1617
1782816678692 0.24029582738876343 1618
1782816678693 0.42759156227111816 1619
1782816678695 0.3683389127254486 1620
1782816678696 0.3331640064716339 1621
1782816678698 0.39457404613494873 1622
1782816678700 0.6079142093658447 1623
1782816678701 0.4376886188983917 1624
1782816678703 0.11848335713148117 1625
1782816678704 0.3022768199443817 1626
1782816678706 0.6085091829299927 1627
1782816678707 0.24349918961524963 1628
1782816678709 0.35815632343292236 1629
1782816678710 0.1431923508644104 1630
1782816678712 0.2626930773258209 1631
1782816678714 0.23636551201343536 1632
1782816678716 0.31800293922424316 1633
1782816678719 0.2824324667453766 1634
1782816678721 0.38929083943367004 1635
1782816678723 0.6408767104148865 1636
1782816678725 0.34984657168388367 1637
1782816678726 0.1497110277414322 1638
1782816678728 0.33280637860298157 1639
1782816678730 0.24388015270233154 1640
1782816678731 0.25032615661621094 1641
1782816678733 0.5231813192367554 1642
1782816678734 0.16939455270767212 1643
1782816678736 0.3409724533557892 1644
1782816678737 0.24726267158985138 1645
1782816678738 0.2589287757873535 1646
1782816678740 0.4421749711036682 1647
1782816678741 0.3735412359237671 1648
1782816678743 0.3256642520427704 1649
1782816678744 0.467504620552063 1650
1782816678745 0.4382812976837158 1651
1782816678747 0.29971927404403687 1652
1782816678749 0.3058190941810608 1653
1782816678751 0.3693080544471741 1654
1782816678753 0.3942984640598297 1655
1782816678755 0.37965157628059387 1656
1782816678757 0.12700572609901428 1657
1782816678759 0.5965463519096375 1658
1782816678762 0.6097784042358398 1659
1782816678764 0.4174591302871704 1660
1782816678766 0.1529597043991089 1661
1782816678768 0.29573675990104675 1662
1782816678770 0.18192701041698456 1663
1782816678772 0.38998639583587646 1664
1782816678774 0.23774860799312592 1665
1782816678776 0.3879295289516449 1666
1782816678778 0.7554773688316345 1667
1782816678780 0.4726950526237488 1668
1782816678783 0.5038437247276306 1669
1782816678785 0.7438783645629883 1670
1782816678787 0.4509492814540863 1671
1782816678789 0.1983039379119873 1672
1782816678791 0.5729958415031433 1673
1782816678793 0.18571439385414124 1674
1782816678795 0.45758089423179626 1675
1782816678797 0.42780211567878723 1676
1782816678799 0.3694918155670166 1677
1782816678801 0.5349238514900208 1678
1782816678803 0.4439883530139923 1679
1782816678805 0.14365844428539276 1680
1782816678807 0.2945214509963989 1681
1782816678809 0.27413210272789 1682
1782816678810 0.5734122395515442 1683
1782816678812 0.3475443124771118 1684
1782816678813 0.4258413314819336 1685
1782816678814 0.4395129084587097 1686
1782816678816 0.1551576405763626 1687
1782816678817 0.295413613319397 1688
1782816678819 0.30253154039382935 1689
1782816678820 0.31996503472328186 1690
1782816678822 0.43881911039352417 1691
1782816678823 0.3248990774154663 1692
1782816678825 0.6763495206832886 1693
1782816678826 0.2313651442527771 1694
1782816678828 0.30403926968574524 1695
1782816678829 0.3435437083244324 1696
1782816678831 0.2789018154144287 1697
1782816678832 0.22781631350517273 1698
1782816678834 0.3700787127017975 1699
1782816678835 0.36654701828956604 1700
1782816678837 0.2034793198108673 1701
1782816678838 0.641295850276947 1702
1782816678839 0.28720518946647644 1703
1782816678841 0.4076566696166992 1704
1782816678842 0.3048064410686493 1705
1782816678844 0.1786065250635147 1706
1782816678845 0.26433971524238586 1707
1782816678847 0.4863033592700958 1708
1782816678849 0.6459312438964844 1709
1782816678851 0.5949433445930481 1710
1782816678852 0.3619016706943512 1711
1782816678854 0.32704195380210876 1712
1782816678855 0.45073363184928894 1713
1782816678856 0.18169067800045013 1714
1782816678858 0.19949379563331604 1715
1782816678859 0.17668385803699493 1716
1782816678861 0.519128143787384 1717
1782816678863 0.24753010272979736 1718
1782816678864 0.3952062726020813 1719
1782816678866 0.3654096722602844 1720
1782816678867 0.1890038251876831 1721
1782816678868 0.31315597891807556 1722
1782816678870 0.1546342968940735 1723
1782816678871 0.27046626806259155 1724
1782816678872 0.2948193848133087 1725
1782816678874 0.23802995681762695 1726
1782816678875 0.27905938029289246 1727
1782816678877 0.2794570326805115 1728
1782816678878 0.7222970128059387 1729
1782816678879 0.3776223361492157 1730
1782816678881 0.33095142245292664 1731
1782816678882 0.5080653429031372 1732
1782816678884 0.24891208112239838 1733
1782816678885 0.436158150434494 1734
1782816678886 0.347389817237854 1735
1782816678888 0.469092458486557 1736
1782816678890 0.16560737788677216 1737
1782816678891 0.3005812168121338 1738
1782816678892 0.4744795262813568 1739
1782816678894 0.1351434886455536 1740
1782816678895 0.48874524235725403 1741
1782816678896 0.32821765542030334 1742
1782816678898 0.391653835773468 1743
1782816678900 0.2748100161552429 1744
1782816678902 0.2567090094089508 1745
1782816678904 0.3809293806552887 1746
1782816678906 0.5180893540382385 1747
1782816678907 0.3144551217556 1748
1782816678909 0.48002368211746216 1749
1782816678911 0.21519246697425842 1750
1782816678913 0.10954182595014572 1751
1782816678915 0.289921373128891 1752
1782816678917 0.2527892291545868 1753
1782816678919 0.6896612644195557 1754
1782816678920 0.37615931034088135 1755
1782816678922 0.29345548152923584 1756
1782816678923 0.3482056260108948 1757
1782816678925 0.3049372434616089 1758
1782816678926 0.5358088612556458 1759
1782816678928 0.5232297778129578 1760
1782816678930 0.220464825630188 1761
1782816678932 0.4874516725540161 1762
1782816678933 0.2177349179983139 1763
1782816678935 0.3185487687587738 1764
1782816678937 0.4391246438026428 1765
1782816678938 0.4585701823234558 1766
1782816678940 0.5600756406784058 1767
1782816678942 0.1618349701166153 1768
1782816678943 0.3220159113407135 1769
1782816678945 0.27696746587753296 1770
1782816678946 0.2482367902994156 1771
1782816678949 0.2004966139793396 1772
1782816678950 0.45300528407096863 1773
1782816678952 0.20462603867053986 1774
1782816678954 0.15736928582191467 1775
1782816678956 0.44454705715179443 1776
1782816678957 0.42413315176963806 1777
1782816678959 0.4037507176399231 1778
1782816678960 0.3014482855796814 1779
1782816678962 0.16424933075904846 1780
1782816678963 0.45132026076316833 1781
1782816678964 0.6553751826286316 1782
1782816678966 0.1878322809934616 1783
1782816678967 0.2737007141113281 1784
1782816678969 0.4514073133468628 1785
1782816678970 0.33205825090408325 1786
1782816678972 0.6160420179367065 1787
1782816678973 0.11167830973863602 1788
1782816678975 0.39531752467155457 1789
1782816678976 0.550503671169281 1790
1782816678977 0.2907794415950775 1791
1782816678979 0.38401108980178833 1792
1782816678980 0.18764755129814148 1793
1782816678982 0.38182151317596436 1794
1782816678983 0.1515142023563385 1795
1782816678985 0.3077595829963684 1796
1782816678986 0.4551011919975281 1797
1782816678987 0.291408896446228 1798
1782816678989 0.42097368836402893 1799
1782816678990 0.1479589194059372 1800
1782816678991 0.3211669921875 1801
1782816678993 0.12196055054664612 1802
1782816678994 0.31340622901916504 1803
1782816678995 0.2010163515806198 1804
1782816678997 0.16348491609096527 1805
1782816678998 0.3091844916343689 1806
1782816678999 0.1745576560497284 1807
1782816679001 0.20702522993087769 1808
1782816679002 0.2605082094669342 1809
1782816679004 0.330626904964447 1810
1782816679005 0.2038658708333969 1811
1782816679007 0.3149091303348541 1812
1782816679008 0.16909587383270264 1813
1782816679010 0.46936649084091187 1814
1782816679011 0.35096874833106995 1815
1782816679012 0.3006778061389923 1816
1782816679014 0.28978022933006287 1817
1782816679015 0.15725713968276978 1818
1782816679017 0.11142081022262573 1819
1782816679018 0.3043608069419861 1820
1782816679019 0.24314899742603302 1821
1782816679021 0.1978887915611267 1822
1782816679022 0.36474260687828064 1823
1782816679024 0.17089927196502686 1824
1782816679025 0.1437007188796997 1825
1782816679027 0.31105944514274597 1826
1782816679028 0.37038812041282654 1827
1782816679030 0.275881826877594 1828
1782816679031 0.21182788908481598 1829
1782816679032 0.4632773697376251 1830
1782816679034 0.4754721522331238 1831
1782816679035 0.4106714427471161 1832
1782816679037 0.2675788402557373 1833
1782816679039 0.6846932768821716 1834
1782816679040 0.24451562762260437 1835
1782816679041 0.3481004238128662 1836
1782816679043 0.5372107625007629 1837
1782816679045 0.27581289410591125 1838
1782816679046 0.26235759258270264 1839
1782816679048 0.45424628257751465 1840
1782816679050 0.2629430294036865 1841
1782816679052 0.40970051288604736 1842
1782816679054 0.30848807096481323 1843
1782816679056 0.32334616780281067 1844
1782816679057 0.3577343225479126 1845
1782816679059 0.6753252744674683 1846
1782816679061 0.3316987156867981 1847
1782816679063 0.4894017279148102 1848
1782816679064 0.3109368085861206 1849
1782816679065 0.13372263312339783 1850
1782816679067 0.30803918838500977 1851
1782816679069 0.572730541229248 1852
1782816679070 0.6276089549064636 1853
1782816679072 0.6005184054374695 1854
1782816679074 0.4140380024909973 1855
1782816679075 0.44851917028427124 1856
1782816679076 0.3702941834926605 1857
1782816679078 0.19305925071239471 1858
1782816679079 0.7512801885604858 1859
1782816679081 0.6318064332008362 1860
1782816679082 0.22509033977985382 1861
1782816679083 0.9387627243995667 1862
1782816679085 0.5650611519813538 1863
1782816679086 0.2190924733877182 1864
1782816679088 0.29122644662857056 1865
1782816679089 0.5224120616912842 1866
1782816679091 0.36020830273628235 1867
1782816679092 0.17625996470451355 1868
1782816679093 0.28326550126075745 1869
1782816679095 0.2402949035167694 1870
1782816679096 0.138626828789711 1871
1782816679097 0.39281731843948364 1872
1782816679099 0.7448474764823914 1873
1782816679100 0.1906162053346634 1874
