1782828549754 0.2710223154803564 0
1782828552640 0.13967206961835438 1
1782828555541 0.11051014951268877 2
1782828558454 0.0921677361099101 3
1782828561413 0.08055732635889545 4
1782828564337 0.0757090236938867 5
1782828567244 0.06823475712265051 6
1782828570210 0.06408515764634619 7
1782828573084 0.05955481656040511 8
1782828576000 0.054196365750941965 9
1782828578899 0.050823652909006437 10
1782828581805 0.053446669337412996 11
1782828584674 0.047345416209354244 12
1782828587595 0.045609855623910525 13
1782828590571 0.04703255867191856 14
1782828593507 0.042904517720570835 15
1782828596417 0.04435435691308322 16
1782828599283 0.03802810941688752 17
1782828602197 0.041773944605068426 18
1782828605184 0.03918300234295593 19
1782828608188 0.04222678836834483 20
1782828611643 0.03437882519093337 21
1782828614656 0.035979465793044965 22
1782828617699 0.03679658305946282 23
1782828620663 0.038051208099317925 24
1782828623581 0.0384907384389132 25
1782828626474 0.03354418520346199 26
1782828629459 0.035280404329942575 27
1782828632350 0.03540195105722879 28
1782828635251 0.005720309082829306 29
1782828638155 0.002194409167496602 30
1782828641078 0.001535103902548906 31
1782828644126 0.0008954319810697622 32
1782828647146 0.0008884277800069275 33
1782828650092 0.0004915339229076377 34
1782828652963 0.0004683283072077938 35
1782828655849 0.000331101868354314 36
1782828658804 0.0002735162608482021 37
1782828661708 0.0005149908307220659 38
1782828664662 0.00015839940479681964 39
1782828667600 0.00020717904967248676 40
1782828670516 0.00023822256983932697 41
1782828673475 4.449797412004972e-05 42
1782828676465 3.296394521469417e-05 43
1782828679377 2.5071115202176948e-05 44
1782828682274 1.950780639189506e-05 45
1782828685158 1.5431502713975935e-05 46
1782828688055 1.3228066977365704e-05 47
1782828691036 1.0573353979689275e-05 48
1782828694005 8.985389317174056e-06 49
1782828696907 7.1747992042557815e-06 50
1782828699917 6.318009855920136e-06 51
1782828702863 5.70984112705764e-06 52
1782828705784 4.224663691517556e-06 53
1782828708749 4.070671434952387e-06 54
1782828711737 3.984839480522896e-06 55
1782828714653 3.904112570925991e-06 56
1782828717555 3.790229252257559e-06 57
1782828720465 3.740435818522242e-06 58
1782828723352 3.6562706414307583e-06 59
1782828726231 3.592960633412449e-06 60
1782828729144 3.530051814071084e-06 61
1782828732157 3.4607083746159787e-06 62
1782828735098 3.4050531757327524e-06 63
1782828737992 3.2852511769346467e-06 64
1782828740909 3.2793677397140084e-06 65
1782828743888 3.2728030715513757e-06 66
1782828746855 3.2664366751231805e-06 67
1782828749758 3.2617573444761546e-06 68
1782828752712 3.2551495640579495e-06 69
1782828755596 3.2494898335390656e-06 70
1782828758517 3.2441810836099564e-06 71
1782828761438 3.2380346744120883e-06 72
1782828764341 3.2315626759122137e-06 73
1782828767338 3.2262707849126456e-06 74
1782828770233 3.214386088098948e-06 75
1782828773131 3.2139012403930255e-06 76
1782828776104 3.2134756892737073e-06 77
1782828779137 3.2130702181997485e-06 78
1782828782063 3.212606972320169e-06 79
1782828784965 3.212210436683726e-06 80
1782828787900 3.2117103271093536e-06 81
1782828790829 3.2113628246035327e-06 82
1782828793789 3.2108432070871135e-06 83
1782828796713 3.210370372301983e-06 84
1782828799663 3.209979260547328e-06 85
1782828802596 3.209559299497572e-06 86
1782828805541 3.2091070048698684e-06 87
1782828808516 3.2086746167882647e-06 88
1782828811434 3.2082589669417552e-06 89
1782828814327 3.2078643083170435e-06 90
1782828817238 3.2073367444038984e-06 91
1782828820146 3.206882201498068e-06 92
1782828823106 3.2065054450384395e-06 93
1782828826049 3.206152528894725e-06 94
1782828828971 3.205639166454289e-06 95
1782828831973 3.2052025556453916e-06 96
1782828834926 3.2048312434925765e-06 97
1782828837841 3.204396203298369e-06 98
1782828840800 3.2039153441291184e-06 99
