1782837077426 0.9053499999998491 0
1782837081984 0.9512499999998415 1
1782837086533 0.962183333333173 2
1782837091222 0.9671333333331722 3
1782837095998 0.970416666666505 4
1782837100873 0.9747499999998376 5
1782837105695 0.9753833333331708 6
1782837110283 0.9773666666665038 7
1782837115030 0.9785999999998369 8
1782837119995 0.9810833333331699 9
1782837124559 0.9813666666665032 10
1782837129278 0.9822333333331696 11
1782837133836 0.982466666666503 12
1782837138560 0.984199999999836 13
1782837143233 0.9848499999998359 14
1782837147840 0.9840833333331693 15
1782837152391 0.984249999999836 16
1782837157217 0.9855666666665025 17
1782837161997 0.995949999999834 18
1782837166684 0.9980166666665004 19
1782837171235 0.9986499999998336 20
1782837176022 0.9986999999998336 21
1782837180662 0.9990166666665002 22
1782837185674 0.9993833333331669 23
1782837190268 0.9993166666665002 24
1782837195570 0.9995333333331667 25
1782837200602 0.9994999999998334 26
1782837205559 0.9997999999998334 27
1782837210455 0.9996666666665001 28
1782837215445 0.9998333333331667 29
1782837220156 0.9999499999998334 30
1782837224839 0.9999833333331667 31
1782837229462 0.9999833333331667 32
1782837234193 0.9999999999998334 33
1782837238853 0.9999999999998334 34
1782837243579 0.9999999999998334 35
1782837248276 0.9999833333331667 36
1782837252960 0.9999999999998334 37
1782837257984 0.9999999999998334 38
1782837262950 0.9999999999998334 39
1782837267670 0.9999999999998334 40
1782837272444 0.9999999999998334 41
1782837277142 0.9999999999998334 42
1782837281826 0.9999999999998334 43
1782837286450 0.9999999999998334 44
1782837291149 0.9999999999998334 45
1782837295926 0.9999999999998334 46
1782837300693 0.9999999999998334 47
1782837305345 0.9999999999998334 48
1782837310086 0.9999999999998334 49
1782837314703 0.9999999999998334 50
1782837319334 0.9999999999998334 51
1782837324059 0.9999999999998334 52
1782837328918 0.9999999999998334 53
1782837333523 0.9999999999998334 54
1782837338225 0.9999999999998334 55
1782837342943 0.9999999999998334 56
1782837347707 0.9999999999998334 57
1782837352531 0.9999999999998334 58
1782837357178 0.9999999999998334 59
1782837361970 0.9999999999998334 60
1782837366699 0.9999999999998334 61
1782837371335 0.9999999999998334 62
1782837376027 0.9999999999998334 63
1782837380748 0.9999999999998334 64
1782837385421 0.9999999999998334 65
1782837390093 0.9999999999998334 66
1782837394756 0.9999999999998334 67
1782837399426 0.9999999999998334 68
1782837404062 0.9999999999998334 69
1782837408744 0.9999999999998334 70
1782837413404 0.9999999999998334 71
1782837418100 0.9999999999998334 72
1782837422754 0.9999999999998334 73
1782837427395 0.9999999999998334 74
1782837432517 0.9999999999998334 75
1782837437359 0.9999999999998334 76
1782837442021 0.9999999999998334 77
1782837446711 0.9999999999998334 78
1782837451425 0.9999999999998334 79
1782837456133 0.9999999999998334 80
1782837460799 0.9999999999998334 81
1782837465194 0.9999999999998334 82
1782837469548 0.9999999999998334 83
1782837474054 0.9999999999998334 84
1782837478752 0.9999999999998334 85
1782837483350 0.9999999999998334 86
1782837487877 0.9999999999998334 87
1782837492520 0.9999999999998334 88
1782837497057 0.9999999999998334 89
1782837501748 0.9999999999998334 90
1782837506603 0.9999999999998334 91
1782837511224 0.9999999999998334 92
1782837515704 0.9999999999998334 93
1782837520211 0.9999999999998334 94
1782837524672 0.9999999999998334 95
1782837529426 0.9999999999998334 96
1782837534280 0.9999999999998334 97
1782837539039 0.9999999999998334 98
1782837543552 0.9999999999998334 99
