1783099957218 1.0299182777106577 0
1783099961522 1.1874348841075315 1
1783099965820 1.0675884082465497 2
1783099970047 0.7927559514225736 3
1783099974223 0.547193641876856 4
1783099978558 0.5508906264574561 5
1783099982942 0.41756635961117483 6
1783099987289 0.3573674999274492 7
1783099991176 0.2705201589599754 8
1783099994871 0.2305544668042494 9
1783099998862 0.22959365631062553 10
1783100002860 0.25926657828644106 11
1783100006636 0.28900471672886546 12
1783100010493 0.3444960247549331 13
1783100014274 0.31278328147155393 14
1783100018190 0.27243031968202086 15
1783100022188 0.3072562234377817 16
1783100026239 0.3307958335253384 17
1783100030208 0.32284175390341213 18
1783100034129 0.36000045608810083 19
