1782814176053 0.9140166666665144 0
1782814180030 0.9551499999998408 1
1782814184011 0.9664999999998389 2
1782814187908 0.9688999999998386 3
1782814191748 0.9753166666665042 4
1782814195681 0.9780333333331703 5
1782814199657 0.9781666666665036 6
1782814203966 0.98003333333317 7
1782814207984 0.9805833333331699 8
1782814211941 0.9826999999998363 9
1782814215842 0.9831166666665029 10
1782814219886 0.9838333333331694 11
1782814223782 0.9838833333331694 12
1782814227708 0.9856166666665025 13
1782814231701 0.9855499999998358 14
1782814235611 0.9872999999998355 15
1782814239582 0.9865999999998356 16
1782814243526 0.9880833333331687 17
1782814247444 0.996649999999834 18
1782814251361 0.9983666666665003 19
1782814255329 0.9989499999998336 20
1782814259272 0.9993333333331669 21
1782814263256 0.9996166666665001 22
1782814267192 0.9996999999998334 23
1782814271163 0.9998333333331667 24
1782814275209 0.9997666666665 25
1782814279298 0.9998499999998334 26
1782814283219 0.9998666666665 27
1782814288380 0.9998666666665 28
1782814292613 0.9998999999998334 29
1782814296704 0.9999166666665 30
1782814301368 0.9998666666665 31
1782814305650 0.9999833333331667 32
1782814309765 0.9999833333331667 33
1782814313771 0.9999999999998334 34
1782814317908 0.9999999999998334 35
1782814321985 0.9999999999998334 36
1782814326159 0.9999999999998334 37
1782814330265 0.9999999999998334 38
1782814334358 0.9999999999998334 39
1782814338448 0.9999999999998334 40
1782814342498 0.9999999999998334 41
1782814346764 0.9999999999998334 42
1782814350834 0.9999999999998334 43
1782814354911 0.9999999999998334 44
1782814359236 0.9999999999998334 45
1782814363605 0.9999999999998334 46
1782814367652 0.9999999999998334 47
1782814372023 0.9999999999998334 48
1782814377361 0.9999999999998334 49
1782814382322 0.9999999999998334 50
1782814388103 0.9999999999998334 51
1782814393660 0.9999999999998334 52
1782814398785 0.9999999999998334 53
1782814404034 0.9999999999998334 54
1782814408506 0.9999999999998334 55
1782814412781 0.9999999999998334 56
1782814417058 0.9999999999998334 57
1782814421290 0.9999999999998334 58
1782814425365 0.9999999999998334 59
1782814429657 0.9999999999998334 60
1782814433821 0.9999999999998334 61
1782814437979 0.9999999999998334 62
1782814442275 0.9999999999998334 63
1782814446536 0.9999999999998334 64
1782814450880 0.9999999999998334 65
1782814455039 0.9999999999998334 66
1782814459346 0.9999999999998334 67
1782814463652 0.9999999999998334 68
1782814467961 0.9999999999998334 69
1782814472135 0.9999999999998334 70
1782814476351 0.9999999999998334 71
1782814480589 0.9999999999998334 72
1782814484825 0.9999999999998334 73
1782814489177 0.9999999999998334 74
1782814493447 0.9999999999998334 75
1782814497666 0.9999999999998334 76
1782814501868 0.9999999999998334 77
1782814506206 0.9999999999998334 78
1782814510496 0.9999999999998334 79
1782814514708 0.9999999999998334 80
1782814519066 0.9999999999998334 81
1782814523797 0.9999999999998334 82
1782814528483 0.9999999999998334 83
1782814533047 0.9999999999998334 84
1782814537798 0.9999999999998334 85
1782814542034 0.9999999999998334 86
1782814546320 0.9999999999998334 87
1782814550836 0.9999999999998334 88
1782814555600 0.9999999999998334 89
1782814560378 0.9999999999998334 90
1782814564598 0.9999999999998334 91
1782814568785 0.9999999999998334 92
1782814573481 0.9999999999998334 93
1782814577858 0.9999999999998334 94
1782814582188 0.9999999999998334 95
1782814586456 0.9999999999998334 96
1782814590608 0.9999999999998334 97
1782814594778 0.9999999999998334 98
1782814598933 0.9999999999998334 99
