1783180530413 0.27218701309242715 0
1783180537466 0.13830323384417345 1
1783180545248 0.11157352111019293 2
1783180552625 0.09417300018043634 3
1783180559595 0.08246566866544176 4
1783180566926 0.07243460628106432 5
1783180574663 0.07026021162880133 6
1783180581851 0.06440772252149464 7
1783180590153 0.05903856152412039 8
1783180598768 0.05634966161422511 9
1783180606067 0.057098636556616206 10
1783180615275 0.05174047613326165 11
1783180624850 0.046162404241817154 12
1783180634370 0.049286977228888085 13
1783180643267 0.046054205627794303 14
1783180652175 0.04563337335150343 15
1783180662009 0.04230617765652731 16
1783180670985 0.01222545504211258 17
1783180680870 0.005748673191049502 18
1783180690204 0.004044280345315584 19
1783180699873 0.0027721918838719793 20
1783180710082 0.002082350926867754 21
1783180720340 0.0014273956451212224 22
1783180730536 0.0011811236798258604 23
1783180741575 0.001179007731890326 24
1783180752279 0.0007163845239135279 25
1783180764242 0.0007028989619698727 26
1783180776147 0.0005539150648417054 27
1783180788126 0.0005803545102607363 28
1783180801310 0.0003557109233657117 29
1783180816140 0.00017555328028815654 30
1783180830767 0.000125138939034535 31
1783180845617 9.264193499687072e-05 32
1783180860568 7.476091592337612e-05 33
1783180875897 6.181540959401419e-05 34
1783180891245 5.201479546848677e-05 35
1783180907038 4.5074229366958466e-05 36
1783180923365 3.841619280545457e-05 37
1783180939747 3.616205130475081e-05 38
1783180956542 3.013215196940919e-05 39
1783180972965 2.432535537268503e-05 40
1783180989274 2.3785195859828888e-05 41
1783181006052 2.3252655622624706e-05 42
1783181022539 2.2892722770175785e-05 43
1783181039166 2.249085172241106e-05 44
1783181055905 2.2134770357312204e-05 45
1783181072624 2.182645154389782e-05 46
1783181089061 2.1458639284152833e-05 47
1783181106377 2.1123653161309938e-05 48
1783181122894 2.0947227808381498e-05 49
1783181140178 2.0565420775877503e-05 50
1783181157369 1.993875985282934e-05 51
1783181174657 1.9911110025152264e-05 52
1783181191576 1.9870153870965758e-05 53
1783181207890 1.983954895815779e-05 54
1783181223832 1.9812941810040826e-05 55
1783181240812 1.97845612624364e-05 56
1783181257432 1.974721447902523e-05 57
1783181274141 1.9726741769512134e-05 58
1783181290906 1.9685357855735156e-05 59
1783181307962 1.9659689388389222e-05 60
1783181323215 1.9635567682611176e-05 61
1783181336286 1.9567585208105452e-05 62
1783181349113 1.9565340393985154e-05 63
1783181362446 1.956328091807672e-05 64
1783181375626 1.9560842790973616e-05 65
1783181389145 1.9558586879323908e-05 66
1783181403456 1.955617127103559e-05 67
1783181417116 1.9554329401914734e-05 68
1783181430923 1.9551872669054105e-05 69
1783181445601 1.9549449925458332e-05 70
1783181460152 1.954764464015647e-05 71
1783181473835 1.9545363684063205e-05 72
1783181487072 1.9542701633812702e-05 73
1783181500907 1.954082010561381e-05 74
1783181514809 1.9538556163757675e-05 75
1783181529271 1.953621065209925e-05 76
1783181542839 1.9534216905933762e-05 77
1783181557175 1.9531991730963627e-05 78
1783181570459 1.952938277422079e-05 79
1783181584267 1.9527813120939725e-05 80
1783181597740 1.9525026561574263e-05 81
1783181611683 1.952329666405115e-05 82
1783181626895 1.9520871044035443e-05 83
1783181643097 1.9518657038936142e-05 84
1783181659403 1.951655622269163e-05 85
1783181676641 1.951451654952196e-05 86
1783181693454 1.9511972753642258e-05 87
1783181709412 1.9510069683841794e-05 88
1783181725655 1.9507951160317495e-05 89
1783181743015 1.9505596415980687e-05 90
1783181759402 1.9503191873659945e-05 91
1783181776178 1.95009934946848e-05 92
1783181793790 1.9499149506915102e-05 93
1783181809970 1.9497095369674248e-05 94
1783181826794 1.9494438323619086e-05 95
1783181843852 1.9492528694859026e-05 96
1783181860323 1.9490520420274185e-05 97
1783181876921 1.948795259382246e-05 98
1783181893414 1.948606690963258e-05 99
