1783195383975 0.4090259666083297 0
1783195393861 0.33898678633588564 1
1783195404460 0.32227352850066604 2
1783195414528 0.31712756403714165 3
1783195424693 0.3114585124277352 4
1783195434076 0.3054833956125974 5
1783195443721 0.3036944526050186 6
1783195453917 0.3016832169774973 7
1783195463132 0.2970839917604179 8
1783195472183 0.29713546096226057 9
1783195481232 0.2932178768062848 10
1783195490234 0.2960579137756532 11
1783195499048 0.2908299251640227 12
1783195508535 0.2878555439784672 13
1783195518292 0.28710038237021235 14
1783195527692 0.2868951312581298 15
1783195536745 0.2850241584370234 16
1783195545565 0.2829221645628225 17
1783195554925 0.282498257978244 18
1783195564327 0.2839619572832937 19
