1783175442656 3.491995434325616 0
1783175443170 2.1834596239913258 1
1783175443777 1.9753596982977992 2
1783175444219 1.9211537528795983 3
1783175444688 1.8951397959657486 4
1783175445228 1.8886269733228707 5
1783175445822 1.8800036867225303 6
1783175446400 1.8756181586583407 7
1783175446924 1.8713245198063522 8
1783175447445 1.8668825153798774 9
1783175447842 1.8659984900523277 10
1783175448400 1.8658432266822569 11
1783175448833 1.8618414064028737 12
1783175449262 1.8584709012163263 13
1783175449778 1.8631940934386022 14
1783175450306 1.858151041542452 15
1783175450830 1.8592459452191044 16
1783175451261 1.8558283965859892 17
1783175451659 1.8606404977882274 18
1783175452056 1.8567234045500203 19
1783175452476 1.8540238659655597 20
1783175453027 1.8539745411992816 21
1783175453624 1.8598177623787109 22
1783175454191 1.854550263424486 23
1783175454793 1.855899939464288 24
1783175455351 1.8564312254654507 25
1783175455910 1.8584052601592247 26
1783175456396 1.8564349459489227 27
1783175456832 1.8536494190120933 28
1783175457352 1.8532170315370837 29
1783175457914 1.854005784608159 30
1783175458454 1.8542385945824413 31
1783175459046 1.8523488745041563 32
1783175459645 1.8543702881609663 33
1783175460207 1.8510541385649888 34
1783175460814 1.8049287592678218 35
1783175461298 1.7891536584303407 36
1783175461742 1.783542551196761 37
1783175462237 1.782565077322594 38
1783175462750 1.7819334680519954 39
1783175463237 1.7806347530221067 40
1783175463810 1.7805981971089229 41
1783175464302 1.7801521111406338 42
1783175464855 1.7796713121963224 43
1783175465433 1.7795427593980306 44
1783175465855 1.7803734385685106 45
1783175466329 1.7792225940100108 46
1783175466891 1.779221404801211 47
1783175467429 1.7787514856273008 48
1783175467994 1.778466117815444 49
1783175468568 1.7783061956694286 50
1783175469159 1.7779826520439617 51
1783175469747 1.7779947066026838 52
1783175470279 1.7783155622509448 53
1783175470863 1.7777414503125146 54
1783175471443 1.7769268893916188 55
1783175471989 1.7771890383102418 56
1783175472579 1.778239661504021 57
1783175473133 1.7766403842846852 58
1783175473566 1.7766695261491519 59
1783175474157 1.7769654459058635 60
1783175474734 1.7764777155181843 61
1783175475296 1.777118702906682 62
1783175475876 1.7767798726125617 63
1783175476404 1.7760755495208038 64
1783175476938 1.7760092883831238 65
1783175477507 1.7758276518804725 66
1783175478054 1.776388359503386 67
1783175478651 1.7751805011794326 68
1783175479111 1.77536924505529 69
1783175479681 1.7756123522126392 70
1783175480267 1.7755229240954482 71
1783175480827 1.7752515287659638 72
1783175481347 1.7757525452212355 73
1783175481891 1.7754488682084164 74
1783175482313 1.775043348969085 75
1783175482829 1.7751179470661111 76
1783175483407 1.7747677515121445 77
1783175483943 1.774488970013535 78
1783175484516 1.7742685856849565 79
1783175484982 1.774588592447712 80
1783175485490 1.7745612069975358 81
1783175485940 1.7742925198339277 82
1783175486386 1.7742693932317566 83
1783175486954 1.7743707865007028 84
1783175487519 1.7746842886662566 85
1783175487986 1.7749160978593261 86
1783175488532 1.7747075690868657 87
1783175489089 1.7739879304854975 88
1783175489504 1.7738758795215204 89
1783175490009 1.7739982199776423 90
1783175490558 1.7735199571148295 91
1783175490949 1.77414190947161 92
1783175491525 1.7739466215825759 93
1783175492246 1.7735353908723641 94
1783175492805 1.7726412337165687 95
1783175493456 1.7727805989896945 96
1783175494083 1.7734351348984947 97
1783175494658 1.7731810143409763 98
1783175495219 1.7736516968388858 99
