1782986011830 0.9052499999998491 0
1782986019054 0.9520833333331747 1
1782986026288 0.9610166666665065 2
1782986033605 0.9668333333331722 3
1782986041035 0.9712666666665049 4
1782986048348 0.9741499999998376 5
1782986055920 0.9765666666665039 6
1782986063410 0.9774333333331705 7
1782986070831 0.9795833333331702 8
1782986078221 0.9805166666665033 9
1782986085549 0.9818333333331697 10
1782986093123 0.9820999999998363 11
1782986100425 0.9828499999998362 12
1782986108042 0.9822333333331696 13
1782986115619 0.9856666666665025 14
1782986123319 0.9846333333331693 15
1782986130619 0.9847666666665026 16
1782986138197 0.9867666666665023 17
1782986145678 0.9851499999998359 18
1782986153347 0.9861666666665023 19
1782986161014 0.9858666666665024 20
1782986168566 0.9856333333331692 21
1782986176015 0.9870333333331689 22
1782986183324 0.9865666666665023 23
1782986190716 0.9876499999998355 24
1782986197985 0.9868499999998356 25
1782986205476 0.9874499999998355 26
1782986213103 0.9873499999998355 27
1782986220638 0.9876166666665022 28
1782986228329 0.9879833333331687 29
1782986235875 0.9959833333331674 30
1782986243212 0.9983499999998336 31
1782986250748 0.9989499999998336 32
1782986258371 0.9991333333331669 33
1782986265900 0.9994833333331667 34
1782986273461 0.9994833333331667 35
1782986280853 0.9996333333331667 36
1782986288637 0.9998166666665 37
1782986296192 0.9998333333331667 38
1782986303682 0.9998333333331667 39
1782986311142 0.9997999999998334 40
1782986318619 0.9999333333331667 41
1782986326128 0.9999999999998334 42
1782986333596 0.9999999999998334 43
1782986341183 0.9999999999998334 44
1782986348653 0.9999999999998334 45
1782986356076 0.9999999999998334 46
1782986363660 0.9999999999998334 47
1782986371172 0.9999999999998334 48
1782986378968 0.9999999999998334 49
1782986386665 0.9999999999998334 50
1782986394369 0.9999999999998334 51
1782986401868 0.9999999999998334 52
1782986409404 0.9999999999998334 53
1782986416836 0.9999999999998334 54
1782986424591 0.9999999999998334 55
1782986432482 0.9999999999998334 56
1782986440093 0.9999999999998334 57
1782986447972 0.9999999999998334 58
1782986455619 0.9999999999998334 59
1782986463164 0.9999999999998334 60
1782986470717 0.9999999999998334 61
1782986478356 0.9999999999998334 62
1782986486098 0.9999999999998334 63
1782986493767 0.9999999999998334 64
1782986501326 0.9999999999998334 65
1782986508728 0.9999999999998334 66
1782986516460 0.9999999999998334 67
1782986524456 0.9999999999998334 68
1782986531901 0.9999999999998334 69
1782986539676 0.9999999999998334 70
1782986548101 0.9999999999998334 71
1782986556690 0.9999999999998334 72
1782986564392 0.9999999999998334 73
1782986572741 0.9999999999998334 74
1782986581325 0.9999999999998334 75
1782986589327 0.9999999999998334 76
1782986597239 0.9999999999998334 77
1782986605869 0.9999999999998334 78
1782986614037 0.9999999999998334 79
1782986621896 0.9999999999998334 80
1782986629604 0.9999999999998334 81
1782986637309 0.9999999999998334 82
1782986645001 0.9999999999998334 83
1782986652659 0.9999999999998334 84
1782986660222 0.9999999999998334 85
1782986668060 0.9999999999998334 86
1782986675733 0.9999999999998334 87
1782986683415 0.9999999999998334 88
1782986691030 0.9999999999998334 89
1782986698609 0.9999999999998334 90
1782986706391 0.9999999999998334 91
1782986714125 0.9999999999998334 92
1782986721839 0.9999999999998334 93
1782986729691 0.9999999999998334 94
1782986737405 0.9999999999998334 95
1782986745025 0.9999999999998334 96
1782986752849 0.9999999999998334 97
1782986760899 0.9999999999998334 98
1782986768292 0.9999999999998334 99
