1783195270329 0.8787833333331869 0
1783195275601 0.9031666666665161 1
1783195281040 0.9059166666665157 2
1783195286636 0.910166666666515 3
1783195291953 0.910616666666515 4
1783195297250 0.9119666666665147 5
1783195302738 0.9136666666665144 6
1783195308316 0.9142666666665143 7
1783195313698 0.914483333333181 8
1783195319203 0.9159833333331807 9
1783195324796 0.9151333333331808 10
1783195330565 0.9171833333331805 11
1783195336279 0.9170666666665138 12
1783195341841 0.9173666666665138 13
1783195347279 0.9178166666665137 14
1783195352568 0.9182166666665137 15
1783195357926 0.9191666666665135 16
1783195363469 0.9200499999998467 17
1783195368870 0.9190999999998468 18
1783195374604 0.9192333333331801 19
