1782836255579 0.2799785792869795 0
1782836258863 0.1381794599759163 1
1782836262269 0.10735943289428812 2
1782836265633 0.08934539374186505 3
1782836269028 0.08056665597198404 4
1782836272394 0.06827669102984234 5
1782836275677 0.06347617024417175 6
1782836279045 0.05931471528827864 7
1782836282364 0.05547390551182037 8
1782836285697 0.05202432257260467 9
1782836289038 0.04672386959190784 10
1782836292756 0.04526063394317867 11
1782836296261 0.044027976668099246 12
1782836299631 0.0414886398638103 13
1782836303063 0.04038396932422231 14
1782836306411 0.038336706946579334 15
1782836309741 0.011241765891890292 16
1782836313297 0.006025650583767491 17
1782836316833 0.005042631698996074 18
1782836320342 0.004306685066865926 19
1782836323861 0.0036442328342368427 20
1782836327368 0.003054822612641225 21
1782836330785 0.002682030195307809 22
1782836334518 0.0024291741472330813 23
1782836338333 0.0021398075244815594 24
1782836342194 0.0017513859794524825 25
1782836346015 0.0017706657306058183 26
1782836349635 0.0014141156853423196 27
1782836353192 0.0013188613968069447 28
1782836356860 0.0012325069971339169 29
1782836360586 0.0010725137619104794 30
1782836364457 0.0006368393694300408 31
1782836368503 0.0005243764259717788 32
1782836373575 0.0004938551897334073 33
1782836379674 0.00047902565534810277 34
1782836384909 0.0004554877484232708 35
1782836390469 0.00045010061462472605 36
1782836394373 0.00043494683728014584 37
1782836398609 0.00042368477229083406 38
1782836402305 0.0004144579954507689 39
1782836405923 0.0004049625839408618 40
1782836409559 0.00039442260086951784 41
1782836413693 0.000365895416125299 42
1782836417428 0.0003615303843688222 43
1782836421663 0.00035972919454037815 44
1782836425503 0.00035860397797791586 45
1782836429688 0.00035676269291136544 46
1782836433590 0.0003558122801405915 47
1782836437324 0.00035483647544019966 48
1782836441843 0.00035383812402053547 49
1782836445607 0.000352757913203063 50
1782836449512 0.000351883395137917 51
1782836453796 0.00035137551706101436 52
1782836457810 0.00034707991753269324 53
1782836461701 0.0003469993978419539 54
1782836465391 0.000346893862149052 55
1782836469082 0.0003468073992105471 56
1782836472895 0.0003467122069155723 57
1782836476739 0.0003466078251516372 58
1782836480710 0.0003465291384007905 59
1782836484459 0.0003464083692009523 60
1782836488230 0.0003463047881133079 61
1782836492099 0.0003462200405997189 62
1782836496038 0.0003461270352003676 63
1782836499794 0.0003457302613425078 64
1782836503592 0.00034572709617511707 65
1782836507510 0.00034571878394742516 66
1782836511370 0.00034571337779732195 67
1782836515408 0.00034570898399040084 68
1782836519252 0.00034570416698134624 69
1782836523041 0.0003456992954831453 70
1782836527022 0.0003456931349239141 71
1782836530896 0.0003456865024000971 72
1782836534713 0.00034568252501614817 73
1782836538437 0.0003456776026485064 74
1782836542216 0.000345669576474982 75
1782836546345 0.0003456650489524294 76
1782836550571 0.00034565972023925545 77
1782836554297 0.0003456543314078034 78
1782836558313 0.000345649849308607 79
1782836562332 0.0003456444870369431 80
1782836566474 0.00034564095375038946 81
1782836570204 0.00034563337708454114 82
1782836574014 0.0003456289884832797 83
1782836577841 0.00034562408446564097 84
1782836581742 0.0003456173346550167 85
1782836585794 0.00034561444656150343 86
1782836589695 0.0003456065283002378 87
1782836593708 0.00034560049637083473 88
1782836597503 0.00034559931056074377 89
1782836601440 0.0003455905513533618 90
1782836605328 0.00034558617379817116 91
1782836609130 0.0003455814988723343 92
1782836613136 0.00034557536356488245 93
1782836617090 0.0003455693551556641 94
1782836622003 0.0003455655997259239 95
1782836626362 0.00034555988033447676 96
1782836630757 0.00034555399969941116 97
1782836635322 0.00034554912003505433 98
1782836639209 0.00034554487973092855 99
