1783099609868 1.1957910368638067 0
1783099614733 0.4237953307759608 1
1783099620229 0.44221575798843676 2
1783099625365 0.002918589570932947 3
1783099630917 0.0009427019576848986 4
1783099636142 0.0004210767275949265 5
1783099641303 0.00021223683164550526 6
1783099646636 0.00011449054068955634 7
1783099651768 6.4589436334238e-05 8
1783099656864 3.684373680939823e-05 9
1783099662112 2.1035459580376076e-05 10
1783099666955 1.206248336260701e-05 11
1783099671687 6.9570275399610585e-06 12
1783099676479 4.0535361935759575e-06 13
1783099681123 2.3487355185165897e-06 14
1783099685992 1.5493900693949103e-06 15
