1783195383976 0.8796999999998534 0
1783195393863 0.9014166666665164 1
1783195404462 0.9071833333331821 2
1783195414530 0.9094999999998484 3
1783195424694 0.910516666666515 4
1783195434077 0.9121833333331814 5
1783195443722 0.9132833333331811 6
1783195453919 0.9136999999998477 7
1783195463133 0.914683333333181 8
1783195472185 0.9149666666665142 9
1783195481233 0.9164833333331807 10
1783195490235 0.9154833333331808 11
1783195499049 0.9172833333331805 12
1783195508536 0.9190666666665135 13
1783195518293 0.9175666666665138 14
1783195527694 0.918099999999847 15
1783195536746 0.9192999999998468 16
1783195545566 0.9190333333331802 17
1783195554926 0.9186333333331803 18
1783195564329 0.9193166666665135 19
