1783173649182 4.851929187774658 0
1783173649187 4.851577281951904 1
1783173649191 4.851468086242676 2
1783173649194 4.851053237915039 3
1783173649198 4.850236415863037 4
1783173649201 4.849934101104736 5
1783173649205 4.849526882171631 6
1783173649209 4.847206115722656 7
1783173649212 4.846867084503174 8
1783173649215 4.84528112411499 9
1783173649221 4.844679832458496 10
1783173649225 4.8422932624816895 11
1783173649229 4.840532302856445 12
1783173649235 4.8348493576049805 13
1783173649240 4.837610244750977 14
1783173649245 4.8349151611328125 15
1783173649249 4.8316192626953125 16
1783173649252 4.82261848449707 17
1783173649255 4.824272155761719 18
1783173649259 4.817440509796143 19
1783173649262 4.8158674240112305 20
1783173649266 4.810790061950684 21
1783173649269 4.806934356689453 22
1783173649272 4.804470062255859 23
1783173649276 4.797234058380127 24
1783173649279 4.771422386169434 25
1783173649285 4.765817642211914 26
1783173649289 4.762025833129883 27
1783173649292 4.772595405578613 28
1783173649295 4.7513041496276855 29
1783173649300 4.765266418457031 30
1783173649303 4.706804275512695 31
1783173649306 4.733222007751465 32
1783173649309 4.723144054412842 33
1783173649313 4.726999759674072 34
1783173649316 4.721470355987549 35
1783173649318 4.6797404289245605 36
1783173649321 4.693530082702637 37
1783173649324 4.671675682067871 38
1783173649327 4.681130886077881 39
1783173649329 4.618160247802734 40
1783173649332 4.62640380859375 41
1783173649337 4.656927108764648 42
1783173649342 4.639260768890381 43
1783173649346 4.634890556335449 44
1783173649349 4.565464496612549 45
1783173649352 4.539908409118652 46
1783173649355 4.578273296356201 47
1783173649358 4.59341287612915 48
1783173649361 4.523086071014404 49
1783173649364 4.536200523376465 50
1783173649368 4.544980525970459 51
1783173649371 4.534729480743408 52
1783173649374 4.489455223083496 53
1783173649376 4.454563140869141 54
1783173649379 4.5117058753967285 55
1783173649382 4.395209789276123 56
1783173649386 4.4893693923950195 57
1783173649388 4.385384559631348 58
1783173649392 4.443514823913574 59
1783173649395 4.355952262878418 60
1783173649398 4.427328109741211 61
1783173649401 4.311398983001709 62
1783173649404 4.354792594909668 63
1783173649407 4.294462203979492 64
1783173649411 4.322004318237305 65
1783173649414 4.352962493896484 66
1783173649416 4.295557975769043 67
1783173649419 4.305781364440918 68
1783173649422 4.319836616516113 69
1783173649424 4.181126117706299 70
1783173649427 4.290318965911865 71
1783173649430 4.160773277282715 72
1783173649433 4.166001319885254 73
1783173649436 4.100863456726074 74
1783173649439 4.211811542510986 75
1783173649442 4.183568954467773 76
1783173649445 4.136075019836426 77
1783173649448 4.058269500732422 78
1783173649451 4.122547149658203 79
1783173649454 4.095934867858887 80
1783173649456 4.137662410736084 81
1783173649459 4.126577854156494 82
1783173649462 4.023435115814209 83
1783173649465 4.05983304977417 84
1783173649468 4.09003210067749 85
1783173649471 3.9894940853118896 86
1783173649473 4.047301292419434 87
1783173649476 3.9439947605133057 88
1783173649479 4.098902702331543 89
1783173649482 4.039924144744873 90
1783173649485 4.002005577087402 91
1783173649488 4.062323570251465 92
1783173649490 3.9449172019958496 93
1783173649495 3.867999315261841 94
1783173649498 3.9774909019470215 95
1783173649502 3.8609602451324463 96
1783173649505 4.132059097290039 97
1783173649508 3.981368064880371 98
1783173649511 3.913630723953247 99
1783173649514 3.8563175201416016 100
1783173649518 3.828786611557007 101
1783173649521 4.015429496765137 102
1783173649524 3.8843564987182617 103
1783173649527 3.803835868835449 104
1783173649530 3.6821913719177246 105
1783173649533 3.874978542327881 106
1783173649536 3.792802095413208 107
1783173649540 3.7604827880859375 108
1783173649543 3.9538798332214355 109
1783173649546 3.837379217147827 110
1783173649549 3.8679659366607666 111
1783173649552 3.6744189262390137 112
1783173649555 3.848201036453247 113
1783173649558 3.8108930587768555 114
1783173649561 3.858456611633301 115
1783173649564 3.8406317234039307 116
1783173649567 3.787942886352539 117
1783173649570 3.880643367767334 118
1783173649573 3.5406839847564697 119
1783173649576 3.8765151500701904 120
1783173649579 3.850332736968994 121
1783173649582 3.797687530517578 122
1783173649585 3.7731101512908936 123
1783173649714 3.587646722793579 124
1783173649718 3.654299020767212 125
1783173649721 3.838892936706543 126
1783173649724 3.6619558334350586 127
1783173649727 3.7767035961151123 128
1783173649729 3.5892183780670166 129
1783173649733 3.739834785461426 130
1783173649736 3.7439985275268555 131
1783173649739 3.6842494010925293 132
1783173649741 3.505251884460449 133
1783173649743 3.866734266281128 134
1783173649746 3.585724353790283 135
1783173649749 3.7129967212677 136
1783173649752 3.8567614555358887 137
1783173649755 3.720285177230835 138
1783173649758 3.5830211639404297 139
1783173649761 3.844360113143921 140
1783173649764 3.571453809738159 141
1783173649767 3.592045307159424 142
1783173649770 3.5670552253723145 143
1783173649773 3.6635074615478516 144
1783173649775 3.6422200202941895 145
1783173649778 3.5274088382720947 146
1783173649781 3.5211758613586426 147
1783173649784 3.494619607925415 148
1783173649787 3.569730758666992 149
1783173649790 3.6551756858825684 150
1783173649793 3.5051066875457764 151
1783173649797 3.5217881202697754 152
1783173649801 3.637145757675171 153
1783173649806 3.6092090606689453 154
1783173649810 3.566952705383301 155
1783173649813 3.524602174758911 156
1783173649816 3.5105175971984863 157
1783173649818 3.4186363220214844 158
1783173649821 3.622744083404541 159
1783173649823 3.774458408355713 160
1783173649826 3.748464822769165 161
1783173649829 3.4495158195495605 162
1783173649832 3.5667145252227783 163
1783173649836 3.4208133220672607 164
1783173649839 3.4385461807250977 165
1783173649842 3.2513139247894287 166
1783173649847 3.593137502670288 167
1783173649852 3.4985859394073486 168
1783173649862 3.5397703647613525 169
1783173649869 3.686835765838623 170
1783173649875 3.6374106407165527 171
1783173649881 3.4141921997070312 172
1783173649887 3.555825710296631 173
1783173649893 3.5135984420776367 174
1783173649900 3.3013341426849365 175
1783173649905 3.5792477130889893 176
1783173649910 3.5112860202789307 177
1783173649915 3.286163330078125 178
1783173649920 3.4930965900421143 179
1783173649925 3.459707498550415 180
1783173649930 3.3343605995178223 181
1783173649935 3.513991594314575 182
1783173649939 3.5447165966033936 183
1783173649944 3.2972898483276367 184
1783173649947 3.5572638511657715 185
1783173649951 3.6740076541900635 186
1783173649954 3.4979467391967773 187
1783173649957 3.425590753555298 188
1783173649960 3.3136191368103027 189
1783173649963 3.49100923538208 190
1783173649965 3.411072015762329 191
1783173649968 3.6742076873779297 192
1783173649971 3.3549134731292725 193
1783173649975 3.677535057067871 194
1783173649978 3.3033742904663086 195
1783173649981 3.488652229309082 196
1783173649984 3.461815357208252 197
1783173649987 3.477891206741333 198
1783173649990 3.187592029571533 199
1783173649993 3.3943331241607666 200
1783173649996 3.3405535221099854 201
1783173649999 3.409022569656372 202
1783173650002 3.462705135345459 203
1783173650005 3.4853298664093018 204
1783173650007 3.6267950534820557 205
1783173650009 3.20135498046875 206
1783173650012 3.35322904586792 207
1783173650014 3.6308155059814453 208
1783173650016 3.427307605743408 209
1783173650019 3.331669569015503 210
1783173650021 3.329228162765503 211
1783173650025 3.299349546432495 212
1783173650029 3.3370678424835205 213
1783173650033 3.24117112159729 214
1783173650037 3.3824493885040283 215
1783173650039 3.3571910858154297 216
1783173650042 3.307964324951172 217
1783173650044 3.290555000305176 218
1783173650046 3.364100933074951 219
1783173650049 3.399432420730591 220
1783173650051 3.3216395378112793 221
1783173650053 3.2996408939361572 222
1783173650056 3.3071179389953613 223
1783173650060 3.4836924076080322 224
1783173650063 3.353853940963745 225
1783173650066 3.4057044982910156 226
1783173650070 3.3725297451019287 227
1783173650073 3.4360809326171875 228
1783173650076 3.228994131088257 229
1783173650078 3.2467691898345947 230
1783173650081 3.2860798835754395 231
1783173650084 3.3946902751922607 232
1783173650087 3.5218231678009033 233
1783173650090 3.499760150909424 234
1783173650092 3.519552707672119 235
1783173650095 3.2550759315490723 236
1783173650098 3.508232593536377 237
1783173650102 3.4079949855804443 238
1783173650105 3.2923848628997803 239
1783173650109 3.413466691970825 240
1783173650113 3.2850162982940674 241
1783173650117 3.145604133605957 242
1783173650120 3.3758983612060547 243
1783173650123 3.592052698135376 244
1783173650126 3.1814165115356445 245
1783173650130 3.382627487182617 246
1783173650133 3.4225215911865234 247
1783173650384 3.2348971366882324 248
1783173650389 3.297668695449829 249
1783173650393 3.247032880783081 250
1783173650398 3.167695999145508 251
1783173650403 3.1268064975738525 252
1783173650407 3.2854115962982178 253
1783173650412 3.169363260269165 254
1783173650416 3.2503530979156494 255
1783173650420 3.326308250427246 256
1783173650425 3.357407569885254 257
1783173650429 3.1736819744110107 258
1783173650432 3.261641025543213 259
1783173650435 3.2752275466918945 260
1783173650440 3.1768147945404053 261
1783173650445 3.3240573406219482 262
1783173650449 3.5136373043060303 263
1783173650454 3.2042031288146973 264
1783173650458 3.5785093307495117 265
1783173650464 3.17253041267395 266
1783173650468 3.2967569828033447 267
1783173650473 3.324578046798706 268
1783173650477 3.264066457748413 269
1783173650480 3.1187000274658203 270
1783173650483 3.281043291091919 271
1783173650486 3.1915814876556396 272
1783173650489 3.0659029483795166 273
1783173650492 3.403773069381714 274
1783173650495 3.3348615169525146 275
1783173650498 3.256009817123413 276
1783173650501 3.375077247619629 277
1783173650504 3.279667615890503 278
1783173650507 3.135693073272705 279
1783173650511 3.195631742477417 280
1783173650514 3.379751205444336 281
1783173650517 3.154667854309082 282
1783173650520 3.074065685272217 283
1783173650522 3.4060657024383545 284
1783173650525 3.3744304180145264 285
1783173650528 3.207423210144043 286
1783173650531 3.2692291736602783 287
1783173650534 3.1277506351470947 288
1783173650537 3.3747026920318604 289
1783173650540 3.430349111557007 290
1783173650543 3.0413129329681396 291
1783173650547 3.3393499851226807 292
1783173650550 3.134950637817383 293
1783173650553 3.3952741622924805 294
1783173650556 2.988164186477661 295
1783173650559 3.120697021484375 296
1783173650562 3.2881460189819336 297
1783173650565 3.092097759246826 298
1783173650569 3.2928152084350586 299
1783173650574 3.2337276935577393 300
1783173650578 3.1792824268341064 301
1783173650582 3.190154552459717 302
1783173650585 3.2620058059692383 303
1783173650589 3.0728635787963867 304
1783173650593 3.3301734924316406 305
1783173650596 3.472553014755249 306
1783173650599 3.2816691398620605 307
1783173650602 3.2629785537719727 308
1783173650605 3.073106527328491 309
1783173650609 3.2082812786102295 310
1783173650613 3.3620383739471436 311
1783173650618 3.248255968093872 312
1783173650622 3.17972731590271 313
1783173650626 3.1878645420074463 314
1783173650629 3.0704517364501953 315
1783173650633 3.4394400119781494 316
1783173650637 3.2746872901916504 317
1783173650641 3.1889750957489014 318
1783173650646 3.1595230102539062 319
1783173650649 3.18231201171875 320
1783173650654 3.232287883758545 321
1783173650658 3.2594199180603027 322
1783173650663 3.353997230529785 323
1783173650668 3.30107045173645 324
1783173650673 3.301985502243042 325
1783173650677 3.102804183959961 326
1783173650681 3.350625991821289 327
1783173650686 3.33651065826416 328
1783173650691 3.1637961864471436 329
1783173650695 3.1445281505584717 330
1783173650700 3.3118603229522705 331
1783173650706 3.3192906379699707 332
1783173650711 3.092299699783325 333
1783173650715 3.332291603088379 334
1783173650721 3.0216550827026367 335
1783173650725 3.245677947998047 336
1783173650730 3.3843448162078857 337
1783173650734 3.1183359622955322 338
1783173650739 3.298931121826172 339
1783173650744 3.1808321475982666 340
1783173650749 3.0890514850616455 341
1783173650755 2.962995767593384 342
1783173650758 3.445941925048828 343
1783173650762 3.2072980403900146 344
1783173650767 3.27156400680542 345
1783173650772 3.197930097579956 346
1783173650777 3.321171760559082 347
1783173650781 3.2564966678619385 348
1783173650786 3.1096415519714355 349
1783173650790 3.4002315998077393 350
1783173650795 3.161303997039795 351
1783173650798 3.1450648307800293 352
1783173650801 2.997391700744629 353
1783173650804 3.2828290462493896 354
1783173650807 3.1609203815460205 355
1783173650810 3.279536485671997 356
1783173650813 3.138787031173706 357
1783173650817 3.215081214904785 358
1783173650822 3.219165802001953 359
1783173650825 3.269714832305908 360
1783173650828 3.15321683883667 361
1783173650831 3.14786434173584 362
1783173650835 3.3098819255828857 363
1783173650838 3.1833465099334717 364
1783173650840 3.0898001194000244 365
1783173650844 3.1448044776916504 366
1783173650847 3.133848190307617 367
1783173650850 3.006498336791992 368
1783173650853 3.1503846645355225 369
1783173650856 3.068135976791382 370
1783173650859 3.002920627593994 371
