1783096821015 0.5917155742645264 0
1783096826906 0.7746214866638184 1
1783096832756 0.8846551775932312 2
1783096838591 0.8589830994606018 3
1783096844387 0.8450256586074829 4
1783096850246 0.9125450253486633 5
1783096856185 0.9337980151176453 6
1783096862050 0.9258021116256714 7
1783096867966 0.9999666213989258 8
1783096873836 0.9999916553497314 9
1783096879677 0.9999833106994629 10
1783096885592 0.9264107346534729 11
1783096891494 0.9997748732566833 12
1783096897363 1.0 13
1783096903221 1.0 14
1783096909219 1.0 15
1783096915113 1.0 16
1783096921011 1.0 17
1783096926981 1.0 18
1783096932956 1.0 19
1783096938914 1.0 20
1783096944939 1.0 21
1783096950922 1.0 22
1783096956856 1.0 23
1783096962881 1.0 24
1783096968844 1.0 25
1783096974721 1.0 26
1783096980800 1.0 27
1783096986697 1.0 28
1783096992774 1.0 29
1783096998853 1.0 30
1783097004906 1.0 31
1783097010981 1.0 32
1783097016842 0.9435698986053467 33
1783097022938 0.9999916553497314 34
1783097028879 1.0 35
1783097034863 1.0 36
1783097040838 1.0 37
1783097046862 1.0 38
1783097052905 1.0 39
1783097059105 1.0 40
1783097065143 1.0 41
1783097071210 1.0 42
1783097077160 1.0 43
1783097083202 0.9999916553497314 44
1783097089184 0.9500900506973267 45
1783097095139 0.9829576015472412 46
1783097101143 0.9999666213989258 47
1783097107241 1.0 48
1783097113284 1.0 49
1783097119414 1.0 50
1783097125437 0.9304462671279907 51
1783097131528 0.9998666048049927 52
1783097137567 1.0 53
1783097143578 1.0 54
1783097149606 1.0 55
1783097155674 1.0 56
1783097161786 1.0 57
1783097167712 0.9999916553497314 58
1783097173729 0.9999916553497314 59
1783097179752 1.0 60
1783097185779 0.9680162668228149 61
1783097191915 0.9900947213172913 62
1783097197897 0.9999666213989258 63
1783097203944 0.9999416470527649 64
1783097210065 0.9999333024024963 65
1783097216150 0.9999916553497314 66
1783097222155 0.9999916553497314 67
1783097228196 1.0 68
1783097234297 1.0 69
1783097241959 1.0 70
1783097249915 1.0 71
1783097256927 1.0 72
1783097262880 1.0 73
1783097269022 1.0 74
1783097274994 1.0 75
1783097281049 1.0 76
1783097286970 1.0 77
1783097292798 1.0 78
1783097298816 1.0 79
1783097304873 1.0 80
1783097310792 1.0 81
1783097316763 0.9672825336456299 82
1783097322710 0.999958336353302 83
1783097328725 0.9999916553497314 84
1783097334814 1.0 85
1783097340675 1.0 86
1783097346733 1.0 87
1783097352686 1.0 88
1783097358711 1.0 89
1783097364791 1.0 90
1783097370787 1.0 91
1783097376777 1.0 92
1783097382790 1.0 93
1783097388843 1.0 94
1783097394826 1.0 95
1783097400780 1.0 96
1783097406817 1.0 97
1783097412773 1.0 98
1783097418716 1.0 99
