1782827630109 0.30329782622642487 0
1782827634187 0.16097959736152068 1
1782827638274 0.1250261285022063 2
1782827642338 0.10661596229606257 3
1782827646381 0.09576886425681248 4
1782827650552 0.08211066212084124 5
1782827654678 0.08019465353116309 6
1782827658768 0.073477391206349 7
1782827662934 0.0692687929135623 8
1782827667082 0.06177401320823061 9
1782827671216 0.05847799251818265 10
1782827675290 0.056263770343805364 11
1782827679343 0.058095428658163896 12
1782827683504 0.05220847435627267 13
1782827687610 0.05006039796308449 14
1782827691731 0.052369091543155666 15
1782827695850 0.052936775861036324 16
1782827699929 0.047985309117941945 17
1782827704164 0.013196655146318166 18
1782827708442 0.007177315004379216 19
1782827712798 0.005155785725136214 20
1782827716929 0.0041893897492983456 21
1782827720944 0.003158759347626279 22
1782827724969 0.0022348512887062394 23
1782827729127 0.0022127625779929682 24
1782827733229 0.001506623444464097 25
1782827737308 0.0018238387698478163 26
1782827741458 0.0008615401655176711 27
1782827745538 0.000994360605864296 28
1782827749628 0.0008589294226674964 29
1782827753758 0.0002880400770593205 30
1782827757858 0.00018148584886100124 31
1782827762160 0.00013916363562378249 32
1782827766239 0.00011845712480245743 33
1782827770378 9.500277731759213e-05 34
1782827774564 8.04473930201939e-05 35
1782827778939 7.10837855203492e-05 36
1782827783240 5.791134828636851e-05 37
1782827787511 4.9903284085948437e-05 38
1782827791795 4.39560281358578e-05 39
1782827796098 3.872576905412401e-05 40
1782827800327 2.844367222244202e-05 41
1782827804689 2.767292252203098e-05 42
1782827808925 2.673757882114338e-05 43
1782827813133 2.588662263500476e-05 44
1782827817412 2.525759650733613e-05 45
1782827821605 2.4737308796020103e-05 46
1782827825745 2.445848453691178e-05 47
1782827829955 2.372452673348971e-05 48
1782827834263 2.322830674851937e-05 49
1782827838518 2.2810456628669077e-05 50
1782827842840 2.247017774625562e-05 51
1782827847061 2.1531706699907514e-05 52
1782827851297 2.1486212635551918e-05 53
1782827855549 2.1427319434230796e-05 54
1782827859809 2.138799515904729e-05 55
1782827864174 2.133252386207927e-05 56
1782827868472 2.127866445104678e-05 57
1782827872749 2.1230501913970304e-05 58
1782827877115 2.11875098837834e-05 59
1782827881438 2.1141067188000768e-05 60
1782827885734 2.1094817193686308e-05 61
1782827890069 2.1051531787178836e-05 62
1782827894317 2.0960809469452597e-05 63
1782827898522 2.0956543552715845e-05 64
1782827902872 2.095235167972374e-05 65
1782827907163 2.09493337362245e-05 66
1782827911531 2.094551001127505e-05 67
1782827915918 2.0942472166407437e-05 68
1782827920112 2.093776295609142e-05 69
1782827924298 2.0934829920046524e-05 70
1782827928515 2.0930547494750512e-05 71
1782827932793 2.0926831676199306e-05 72
1782827937042 2.092428460772911e-05 73
1782827941245 2.0919363944817335e-05 74
1782827945407 2.0917020339162324e-05 75
1782827949633 2.09124499377166e-05 76
1782827953852 2.091014814017862e-05 77
1782827958141 2.0906857051489006e-05 78
1782827962387 2.0902945964324197e-05 79
1782827966627 2.089894001791218e-05 80
1782827971365 2.0895940987940395e-05 81
1782827975623 2.0891567150629358e-05 82
1782827979889 2.0887427694877698e-05 83
1782827984118 2.0885178890151747e-05 84
1782827988334 2.0882373882575742e-05 85
1782827992589 2.0877327154477828e-05 86
1782827996826 2.0873968330729526e-05 87
1782828001132 2.0871280518106167e-05 88
1782828005416 2.0867481003032304e-05 89
1782828009648 2.0863544994250727e-05 90
1782828013881 2.0861206145939863e-05 91
1782828018080 2.0856806545542584e-05 92
1782828022304 2.0853538483798182e-05 93
1782828026658 2.0850571911234772e-05 94
1782828030909 2.0846598078568847e-05 95
1782828035173 2.0842980048074523e-05 96
1782828039445 2.0839507429996057e-05 97
1782828043680 2.0836893651008454e-05 98
1782828047908 2.0832846730626142e-05 99
