1782837077425 0.30329782622642487 0
1782837081983 0.16097959736152068 1
1782837086532 0.1250261285022063 2
1782837091221 0.10661596229606257 3
1782837095997 0.09576886425681248 4
1782837100871 0.08211066212084124 5
1782837105694 0.08019465353116309 6
1782837110282 0.073477391206349 7
1782837115029 0.0692687929135623 8
1782837119994 0.06177401320823061 9
1782837124558 0.05847799251818265 10
1782837129277 0.056263770343805364 11
1782837133835 0.058095428658163896 12
1782837138559 0.05220847435627267 13
1782837143232 0.05006039796308449 14
1782837147839 0.052369091543155666 15
1782837152390 0.052936775861036324 16
1782837157216 0.047985309117941945 17
1782837161996 0.013196655146318166 18
1782837166683 0.007177315004379216 19
1782837171234 0.005155785725136214 20
1782837176022 0.0041893897492983456 21
1782837180661 0.003158759347626279 22
1782837185674 0.0022348512887062394 23
1782837190267 0.0022127625779929682 24
1782837195569 0.001506623444464097 25
1782837200601 0.0018238387698478163 26
1782837205558 0.0008615401655176711 27
1782837210454 0.000994360605864296 28
1782837215444 0.0008589294226674964 29
1782837220155 0.0002880400770593205 30
1782837224838 0.00018148584886100124 31
1782837229461 0.00013916363562378249 32
1782837234192 0.00011845712480245743 33
1782837238852 9.500277731759213e-05 34
1782837243578 8.04473930201939e-05 35
1782837248275 7.10837855203492e-05 36
1782837252959 5.791134828636851e-05 37
1782837257983 4.9903284085948437e-05 38
1782837262949 4.39560281358578e-05 39
1782837267669 3.872576905412401e-05 40
1782837272443 2.844367222244202e-05 41
1782837277141 2.767292252203098e-05 42
1782837281825 2.673757882114338e-05 43
1782837286449 2.588662263500476e-05 44
1782837291148 2.525759650733613e-05 45
1782837295925 2.4737308796020103e-05 46
1782837300692 2.445848453691178e-05 47
1782837305343 2.372452673348971e-05 48
1782837310085 2.322830674851937e-05 49
1782837314702 2.2810456628669077e-05 50
1782837319333 2.247017774625562e-05 51
1782837324058 2.1531706699907514e-05 52
1782837328917 2.1486212635551918e-05 53
1782837333521 2.1427319434230796e-05 54
1782837338224 2.138799515904729e-05 55
1782837342942 2.133252386207927e-05 56
1782837347706 2.127866445104678e-05 57
1782837352530 2.1230501913970304e-05 58
1782837357177 2.11875098837834e-05 59
1782837361969 2.1141067188000768e-05 60
1782837366698 2.1094817193686308e-05 61
1782837371334 2.1051531787178836e-05 62
1782837376026 2.0960809469452597e-05 63
1782837380747 2.0956543552715845e-05 64
1782837385420 2.095235167972374e-05 65
1782837390092 2.09493337362245e-05 66
1782837394755 2.094551001127505e-05 67
1782837399425 2.0942472166407437e-05 68
1782837404061 2.093776295609142e-05 69
1782837408743 2.0934829920046524e-05 70
1782837413403 2.0930547494750512e-05 71
1782837418099 2.0926831676199306e-05 72
1782837422753 2.092428460772911e-05 73
1782837427394 2.0919363944817335e-05 74
1782837432516 2.0917020339162324e-05 75
1782837437358 2.09124499377166e-05 76
1782837442020 2.091014814017862e-05 77
1782837446710 2.0906857051489006e-05 78
1782837451424 2.0902945964324197e-05 79
1782837456132 2.089894001791218e-05 80
1782837460797 2.0895940987940395e-05 81
1782837465194 2.0891567150629358e-05 82
1782837469547 2.0887427694877698e-05 83
1782837474053 2.0885178890151747e-05 84
1782837478751 2.0882373882575742e-05 85
1782837483349 2.0877327154477828e-05 86
1782837487876 2.0873968330729526e-05 87
1782837492519 2.0871280518106167e-05 88
1782837497056 2.0867481003032304e-05 89
1782837501747 2.0863544994250727e-05 90
1782837506602 2.0861206145939863e-05 91
1782837511223 2.0856806545542584e-05 92
1782837515704 2.0853538483798182e-05 93
1782837520210 2.0850571911234772e-05 94
1782837524671 2.0846598078568847e-05 95
1782837529425 2.0842980048074523e-05 96
1782837534279 2.0839507429996057e-05 97
1782837539038 2.0836893651008454e-05 98
1782837543551 2.0832846730626142e-05 99
