1782838640815 0.32163724531906174 0
1782838644252 0.13911268247266922 1
1782838647778 0.10729560224605 2
1782838651175 0.09172778158436969 3
1782838654647 0.08191008375234057 4
1782838658127 0.07260230673835698 5
1782838661671 0.07035920192597472 6
1782838665128 0.06706545509281502 7
1782838668728 0.06189520063477465 8
1782838672333 0.05941071534233768 9
1782838675886 0.05898373877984679 10
1782838679385 0.055445972650668106 11
1782838682865 0.05484970841765022 12
1782838686349 0.05497550944850642 13
1782838689964 0.0543668419759615 14
1782838693563 0.057275414885515664 15
1782838697155 0.018530608749314104 16
1782838700704 0.011820671423188 17
1782838704378 0.00972724603882576 18
1782838708007 0.007987724363637086 19
1782838711623 0.006568617888908571 20
1782838715300 0.005581441919475829 21
1782838718876 0.005088828974801702 22
1782838722547 0.004199267833016749 23
1782838726230 0.0034398974805279325 24
1782838729861 0.00308099057672692 25
1782838733569 0.002624564969417718 26
1782838737252 0.0024159177043443377 27
1782838740974 0.0019352853752651919 28
1782838744745 0.0010135065397460404 29
1782838748460 0.000863951609301391 30
1782838752184 0.000801368752669654 31
1782838755914 0.0007566049991963427 32
1782838759669 0.000726072749861586 33
1782838763435 0.0006978416477519578 34
1782838767179 0.000678518250596536 35
1782838770930 0.0006396888221727891 36
1782838774674 0.0006151225685865874 37
1782838778420 0.0005955796781581808 38
1782838782220 0.0005680915778427656 39
