1783174924065 4.852292537689209 0
1783174924073 4.852056980133057 1
1783174924081 4.851536273956299 2
1783174924087 4.8514323234558105 3
1783174924091 4.851227760314941 4
1783174924096 4.851282596588135 5
1783174924099 4.850249290466309 6
1783174924103 4.848630905151367 7
1783174924106 4.84852409362793 8
1783174924108 4.848069667816162 9
1783174924111 4.8475847244262695 10
1783174924113 4.846230983734131 11
1783174924115 4.841536521911621 12
1783174924117 4.845005035400391 13
1783174924119 4.839417934417725 14
1783174924121 4.842313766479492 15
1783174924123 4.834489345550537 16
1783174924125 4.835244655609131 17
1783174924126 4.828251361846924 18
1783174924128 4.829571723937988 19
1783174924130 4.819642066955566 20
1783174924132 4.812933444976807 21
1783174924134 4.822317600250244 22
1783174924136 4.8104753494262695 23
1783174924138 4.799757957458496 24
1783174924139 4.803304672241211 25
1783174924141 4.785552024841309 26
1783174924143 4.808635234832764 27
1783174924145 4.79597806930542 28
1783174924147 4.777031421661377 29
1783174924149 4.779329776763916 30
1783174924151 4.77085018157959 31
1783174924153 4.740848541259766 32
1783174924155 4.741018295288086 33
1783174924157 4.752137660980225 34
1783174924160 4.751987934112549 35
1783174924162 4.743555068969727 36
1783174924164 4.674398422241211 37
1783174924166 4.706982612609863 38
1783174924169 4.687714099884033 39
1783174924171 4.6680707931518555 40
1783174924174 4.659459114074707 41
1783174924178 4.666962146759033 42
1783174924181 4.6938676834106445 43
1783174924185 4.651885509490967 44
1783174924188 4.675959587097168 45
1783174924190 4.627417087554932 46
1783174924192 4.662334442138672 47
1783174924194 4.606165885925293 48
1783174924196 4.55074405670166 49
1783174924198 4.590334415435791 50
1783174924200 4.5501179695129395 51
1783174924202 4.404253005981445 52
1783174924204 4.577332019805908 53
1783174924206 4.596418380737305 54
1783174924208 4.385982513427734 55
1783174924210 4.539095878601074 56
1783174924212 4.469995975494385 57
1783174924214 4.432338237762451 58
1783174924216 4.397006988525391 59
1783174924218 4.409416675567627 60
1783174924220 4.377318859100342 61
1783174924222 4.450533390045166 62
1783174924224 4.379714488983154 63
1783174924225 4.497111797332764 64
1783174924227 4.321592330932617 65
1783174924230 4.454371929168701 66
1783174924232 4.288959980010986 67
1783174924234 4.346399307250977 68
1783174924236 4.2587385177612305 69
1783174924240 4.444055557250977 70
1783174924244 4.36016321182251 71
1783174924247 4.253947734832764 72
1783174924251 4.453135013580322 73
1783174924255 4.4330949783325195 74
1783174924258 4.089755058288574 75
1783174924262 4.266986846923828 76
1783174924266 4.097198963165283 77
1783174924269 4.197086811065674 78
1783174924273 4.222038269042969 79
1783174924276 4.200213432312012 80
1783174924280 4.292182922363281 81
1783174924284 4.13683557510376 82
1783174924287 4.245964050292969 83
1783174924291 4.232827663421631 84
1783174924294 4.275118350982666 85
1783174924298 4.16070032119751 86
1783174924302 4.019283771514893 87
1783174924305 4.116095066070557 88
1783174924308 4.1674089431762695 89
1783174924312 4.162682056427002 90
1783174924316 4.2488789558410645 91
1783174924319 4.131039619445801 92
1783174924323 4.196906089782715 93
1783174924327 4.08070707321167 94
1783174924330 4.100771427154541 95
1783174924334 4.1570234298706055 96
1783174924338 4.08990478515625 97
1783174924341 3.942654609680176 98
1783174924345 3.918487787246704 99
1783174924349 4.058357238769531 100
1783174924352 3.9912638664245605 101
1783174924355 4.059093475341797 102
1783174924357 4.012343883514404 103
1783174924359 3.932873010635376 104
1783174924362 4.169150352478027 105
1783174924364 3.932119131088257 106
1783174924366 3.992866039276123 107
1783174924369 3.9343347549438477 108
1783174924371 3.994480848312378 109
1783174924374 3.908374309539795 110
1783174924375 3.862250804901123 111
1783174924377 3.9415664672851562 112
1783174924380 3.8394203186035156 113
1783174924382 3.818256139755249 114
1783174924384 3.9519615173339844 115
1783174924386 3.818608283996582 116
1783174924389 4.101430892944336 117
1783174924391 3.9330809116363525 118
1783174924393 3.8470587730407715 119
1783174924396 3.791592836380005 120
1783174924398 4.033054828643799 121
1783174924400 3.884167432785034 122
1783174924402 3.805281162261963 123
1783174924599 3.880462646484375 124
1783174924602 3.8631911277770996 125
1783174924605 3.7481281757354736 126
1783174924607 3.8016607761383057 127
1783174924609 3.734133005142212 128
1783174924612 3.7368035316467285 129
1783174924614 3.7329797744750977 130
1783174924616 3.9034273624420166 131
1783174924618 3.9436705112457275 132
1783174924621 3.9189651012420654 133
1783174924623 3.7737603187561035 134
1783174924625 3.6082890033721924 135
1783174924627 3.5655269622802734 136
1783174924630 3.6716272830963135 137
1783174924632 3.712346315383911 138
1783174924634 3.716662883758545 139
1783174924637 3.733431816101074 140
1783174924640 3.8137259483337402 141
1783174924644 3.6043760776519775 142
1783174924648 3.6692962646484375 143
1783174924651 3.9242324829101562 144
1783174924655 3.8107101917266846 145
1783174924659 3.6596755981445312 146
1783174924662 3.729301929473877 147
1783174924666 3.662651777267456 148
1783174924670 3.682800769805908 149
1783174924673 3.5156283378601074 150
1783174924678 3.6464083194732666 151
1783174924681 3.8922982215881348 152
1783174924685 3.574148654937744 153
1783174924689 3.741757392883301 154
1783174924692 3.8863749504089355 155
1783174924696 3.507573366165161 156
1783174924699 3.721205949783325 157
1783174924703 3.4577231407165527 158
1783174924707 3.745337724685669 159
1783174924711 3.5421769618988037 160
1783174924714 3.6094720363616943 161
1783174924718 3.668987989425659 162
1783174924722 3.790454864501953 163
1783174924725 3.552293539047241 164
1783174924729 3.5514700412750244 165
1783174924733 3.7168142795562744 166
1783174924736 3.5558829307556152 167
1783174924740 3.460965156555176 168
1783174924743 3.6998796463012695 169
1783174924747 3.694720506668091 170
1783174924751 3.547410249710083 171
1783174924755 3.586358070373535 172
1783174924758 3.689058303833008 173
1783174924761 3.563805103302002 174
1783174924763 3.7796688079833984 175
1783174924765 3.817774772644043 176
1783174924767 3.3831100463867188 177
1783174924770 3.708064317703247 178
1783174924772 3.612368106842041 179
1783174924774 3.526254653930664 180
1783174924776 3.4703056812286377 181
1783174924779 3.5005154609680176 182
1783174924781 3.513502359390259 183
1783174924782 3.3917927742004395 184
1783174924784 3.5161213874816895 185
1783174924786 3.4036357402801514 186
1783174924788 3.5450754165649414 187
1783174924790 3.48574161529541 188
1783174924792 3.5088701248168945 189
1783174924794 3.6240627765655518 190
1783174924795 3.539395570755005 191
1783174924797 3.532905340194702 192
1783174924799 3.640315294265747 193
1783174924801 3.635136842727661 194
1783174924803 3.697042942047119 195
1783174924805 3.415602684020996 196
1783174924807 3.4823107719421387 197
1783174924808 3.453608274459839 198
1783174924810 3.4279160499572754 199
1783174924812 3.535355567932129 200
1783174924814 3.4198169708251953 201
1783174924816 3.647629737854004 202
1783174924818 3.54156494140625 203
1783174924820 3.4012885093688965 204
1783174924821 3.582759141921997 205
1783174924823 3.484537124633789 206
1783174924825 3.2771880626678467 207
1783174924827 3.451636791229248 208
1783174924829 3.609907627105713 209
1783174924831 3.542691946029663 210
1783174924833 3.3032639026641846 211
1783174924835 3.4860916137695312 212
1783174924837 3.3137145042419434 213
1783174924839 3.568864107131958 214
1783174924841 3.520902633666992 215
1783174924843 3.540431261062622 216
1783174924844 3.376472234725952 217
1783174924847 3.526878595352173 218
1783174924848 3.5489275455474854 219
1783174924850 3.389908790588379 220
1783174924852 3.4634933471679688 221
1783174924854 3.220421552658081 222
1783174924856 3.2459263801574707 223
1783174924858 3.4445598125457764 224
1783174924860 3.5112621784210205 225
1783174924861 3.5054378509521484 226
1783174924863 3.446570634841919 227
1783174924865 3.3208487033843994 228
1783174924867 3.5189099311828613 229
1783174924869 3.3537607192993164 230
1783174924871 3.335399866104126 231
1783174924873 3.335244655609131 232
1783174924875 3.2939224243164062 233
1783174924877 3.401099443435669 234
1783174924879 3.6600208282470703 235
1783174924881 3.2882485389709473 236
1783174924883 3.3236653804779053 237
1783174924884 3.32576322555542 238
1783174924886 3.5261282920837402 239
1783174924888 3.5164310932159424 240
1783174924890 3.4299278259277344 241
1783174924892 3.4258227348327637 242
1783174924894 3.636709690093994 243
1783174924896 3.2391200065612793 244
1783174924898 3.221752882003784 245
1783174924899 3.5251009464263916 246
1783174924901 3.2907001972198486 247
1783174924986 3.211820125579834 248
1783174924988 3.3907015323638916 249
1783174924990 3.427990436553955 250
1783174924992 3.220235586166382 251
1783174924994 3.503384828567505 252
1783174924996 3.4464328289031982 253
1783174924998 3.216555118560791 254
1783174925001 3.205399990081787 255
1783174925003 3.2921037673950195 256
1783174925005 3.5046005249023438 257
1783174925008 3.328709602355957 258
1783174925010 3.374143123626709 259
1783174925012 3.226262092590332 260
1783174925014 3.510669469833374 261
1783174925017 3.1853291988372803 262
1783174925019 3.008866548538208 263
1783174925021 3.268019199371338 264
1783174925025 3.4214582443237305 265
1783174925028 3.358203411102295 266
1783174925032 3.351686477661133 267
1783174925036 3.4703173637390137 268
1783174925038 3.140806198120117 269
1783174925041 3.3733038902282715 270
1783174925043 3.3244357109069824 271
1783174925045 3.6000304222106934 272
1783174925048 3.366351842880249 273
1783174925050 3.3115901947021484 274
1783174925053 3.226069211959839 275
1783174925055 3.1968772411346436 276
1783174925057 3.237017869949341 277
1783174925060 3.0962560176849365 278
1783174925062 3.4277005195617676 279
1783174925064 3.149343967437744 280
1783174925067 3.3183579444885254 281
1783174925069 3.229477643966675 282
1783174925071 3.3404746055603027 283
1783174925074 3.333573579788208 284
1783174925076 3.4225878715515137 285
1783174925078 3.366694450378418 286
1783174925080 3.306382894515991 287
1783174925083 3.3738322257995605 288
1783174925085 3.1061134338378906 289
1783174925087 3.3693315982818604 290
1783174925089 3.2759344577789307 291
1783174925092 3.1785688400268555 292
1783174925094 3.3830406665802 293
1783174925096 3.4938275814056396 294
1783174925098 3.3143224716186523 295
1783174925101 3.315721035003662 296
1783174925103 3.034420967102051 297
1783174925105 3.4075143337249756 298
1783174925107 3.0072975158691406 299
1783174925108 3.2024123668670654 300
1783174925110 3.256657361984253 301
1783174925113 3.2812516689300537 302
1783174925115 3.192913055419922 303
1783174925117 3.099151134490967 304
1783174925120 3.297672748565674 305
1783174925122 3.3482065200805664 306
1783174925123 3.150623321533203 307
1783174925125 3.3886287212371826 308
1783174925127 3.50266432762146 309
1783174925129 3.3334171772003174 310
1783174925131 3.092817544937134 311
1783174925133 3.085099458694458 312
1783174925135 3.45942759513855 313
1783174925136 3.4440150260925293 314
1783174925138 3.3868932723999023 315
1783174925140 3.202651023864746 316
1783174925142 3.122708559036255 317
1783174925144 3.15773344039917 318
1783174925146 3.2260923385620117 319
1783174925148 3.2403767108917236 320
1783174925149 3.0444393157958984 321
1783174925151 3.2308664321899414 322
1783174925154 3.3033607006073 323
1783174925156 3.2494258880615234 324
1783174925158 3.2666985988616943 325
1783174925160 2.999284267425537 326
1783174925163 3.274174213409424 327
1783174925165 3.2600789070129395 328
1783174925167 3.1837427616119385 329
1783174925169 3.216279983520508 330
1783174925172 3.216686248779297 331
1783174925174 3.2000622749328613 332
1783174925176 3.2430663108825684 333
1783174925178 3.332298755645752 334
1783174925181 3.3191566467285156 335
1783174925183 3.2082016468048096 336
1783174925185 3.099804401397705 337
1783174925187 3.492856979370117 338
1783174925189 3.245156764984131 339
1783174925191 3.3104407787323 340
1783174925193 3.0929996967315674 341
1783174925195 3.0759010314941406 342
1783174925196 3.1592254638671875 343
1783174925198 3.0551819801330566 344
1783174925200 3.1731934547424316 345
1783174925202 3.0741307735443115 346
1783174925204 2.9924426078796387 347
1783174925206 3.180842161178589 348
1783174925208 3.395451307296753 349
1783174925210 3.071280002593994 350
1783174925211 3.3246588706970215 351
1783174925213 3.1965370178222656 352
1783174925215 3.217318058013916 353
1783174925217 3.2886462211608887 354
1783174925219 3.119000196456909 355
1783174925221 3.2244362831115723 356
1783174925223 2.9647226333618164 357
1783174925225 3.2728896141052246 358
1783174925226 3.233898878097534 359
1783174925228 3.2280068397521973 360
1783174925231 3.362771511077881 361
1783174925232 3.3313636779785156 362
1783174925234 3.2464656829833984 363
1783174925236 3.024916410446167 364
1783174925238 3.293227195739746 365
1783174925240 3.1195170879364014 366
1783174925242 3.0823819637298584 367
1783174925244 3.176466226577759 368
1783174925245 3.220285654067993 369
1783174925247 3.0814552307128906 370
1783174925249 3.0599446296691895 371
