1782817044902 130.8914794921875 0
1782817044904 117.73731231689453 1
1782817044906 63.66196060180664 2
1782817044908 83.04622650146484 3
1782817044909 67.23109436035156 4
1782817044910 81.39649200439453 5
1782817044911 77.7081298828125 6
1782817044913 55.17183303833008 7
1782817044914 43.27082824707031 8
1782817044915 33.211055755615234 9
1782817044917 38.41151428222656 10
1782817044918 30.613054275512695 11
1782817044919 30.968461990356445 12
1782817044920 20.980024337768555 13
1782817044922 27.714950561523438 14
1782817044923 27.66974449157715 15
1782817044924 27.503135681152344 16
1782817044925 13.778873443603516 17
1782817044927 17.99571418762207 18
1782817044928 10.344223022460938 19
1782817044929 16.007617950439453 20
1782817044930 12.747666358947754 21
1782817044932 11.825278282165527 22
1782817044933 8.94663143157959 23
1782817044934 7.084691524505615 24
1782817044935 6.190457820892334 25
1782817044936 5.207703113555908 26
1782817044938 7.023983001708984 27
1782817044939 6.306182861328125 28
1782817044940 3.4191231727600098 29
1782817044941 3.923720598220825 30
1782817044943 4.204260349273682 31
1782817044944 3.377675771713257 32
1782817044945 3.19856595993042 33
1782817044946 3.0882413387298584 34
1782817044947 2.6257920265197754 35
1782817044949 2.7207531929016113 36
1782817044950 2.8744208812713623 37
1782817044951 2.4426825046539307 38
1782817044952 2.300462245941162 39
1782817044953 2.4765067100524902 40
1782817044955 2.392426013946533 41
1782817044956 2.251811981201172 42
1782817044957 2.255460023880005 43
1782817044959 2.2873525619506836 44
1782817044960 2.3851921558380127 45
1782817044961 2.225221872329712 46
1782817044963 2.213043212890625 47
1782817044964 2.2648212909698486 48
1782817044965 2.2466657161712646 49
1782817044967 2.271505355834961 50
1782817044968 2.270368814468384 51
1782817044969 2.299955368041992 52
1782817044970 2.275813341140747 53
1782817044972 2.2802071571350098 54
1782817044973 2.303450107574463 55
1782817044974 2.293301820755005 56
1782817044975 2.2821478843688965 57
1782817044976 2.2897934913635254 58
1782817044978 2.2999155521392822 59
1782817044979 2.272071123123169 60
1782817044980 2.2854301929473877 61
1782817044981 2.2914953231811523 62
1782817044983 2.2867166996002197 63
1782817044984 2.276334285736084 64
1782817044985 2.299532651901245 65
1782817044987 2.2899880409240723 66
1782817044988 2.296332597732544 67
1782817044989 2.278284788131714 68
1782817044991 2.2929461002349854 69
1782817044992 2.289820671081543 70
1782817044993 2.2853665351867676 71
1782817044995 2.2715957164764404 72
1782817044996 2.294332265853882 73
1782817044997 2.2947804927825928 74
1782817044998 2.281930685043335 75
1782817045000 2.2745954990386963 76
1782817045001 2.27433443069458 77
1782817045002 2.2877330780029297 78
1782817045003 2.2833621501922607 79
1782817045005 2.2815301418304443 80
1782817045006 2.2595713138580322 81
1782817045007 2.271512508392334 82
1782817045008 2.2689619064331055 83
1782817045010 2.25160813331604 84
1782817045011 2.2777507305145264 85
1782817045013 2.2774765491485596 86
1782817045014 2.256760358810425 87
1782817045016 2.3077545166015625 88
1782817045017 2.2547364234924316 89
1782817045018 2.2879080772399902 90
1782817045020 2.2596435546875 91
1782817045021 2.3062989711761475 92
1782817045022 2.242614269256592 93
1782817045024 2.2651398181915283 94
1782817045025 2.264984130859375 95
1782817045026 2.2159671783447266 96
1782817045028 2.2791359424591064 97
1782817045029 2.299802780151367 98
1782817045030 2.2276408672332764 99
1782817045032 2.278688907623291 100
1782817045033 2.265540838241577 101
1782817045034 2.235267400741577 102
1782817045036 2.251800060272217 103
1782817045037 2.2937684059143066 104
1782817045038 2.2566537857055664 105
1782817045039 2.225135087966919 106
1782817045041 2.2532408237457275 107
1782817045042 2.2545883655548096 108
1782817045043 2.2161738872528076 109
1782817045044 2.221729278564453 110
1782817045045 2.2283713817596436 111
1782817045047 2.2518324851989746 112
1782817045048 2.2863056659698486 113
1782817045049 2.2469983100891113 114
1782817045051 2.260680913925171 115
1782817045052 2.214334487915039 116
1782817045053 2.258297920227051 117
1782817045054 2.1384570598602295 118
1782817045056 2.2535200119018555 119
1782817045057 2.2097487449645996 120
1782817045058 2.22406268119812 121
1782817045060 2.2259466648101807 122
1782817045061 2.2185962200164795 123
1782817045062 2.232365369796753 124
1782817045063 2.205174684524536 125
1782817045064 2.138556957244873 126
1782817045066 2.266547918319702 127
1782817045067 2.2072646617889404 128
1782817045068 2.290560007095337 129
1782817045069 2.1787173748016357 130
1782817045071 2.2197251319885254 131
1782817045072 2.263414144515991 132
1782817045073 2.1152331829071045 133
1782817045074 2.2193918228149414 134
1782817045076 2.2804861068725586 135
1782817045077 2.293952703475952 136
1782817045078 2.180299758911133 137
1782817045079 2.125332832336426 138
1782817045081 2.24419903755188 139
1782817045082 2.1404385566711426 140
1782817045083 2.116328001022339 141
1782817045084 2.122760772705078 142
1782817045085 2.2464277744293213 143
1782817045087 2.2445836067199707 144
1782817045088 2.2248191833496094 145
1782817045089 2.092890977859497 146
1782817045090 2.108830451965332 147
1782817045092 2.1148531436920166 148
1782817045093 2.1510565280914307 149
1782817045094 2.3126041889190674 150
1782817045095 2.0821704864501953 151
1782817045096 2.2708449363708496 152
1782817045098 2.0637738704681396 153
1782817045099 2.1958441734313965 154
1782817045100 2.22987961769104 155
1782817045101 2.1484739780426025 156
1782817045103 2.2454309463500977 157
1782817045104 2.080601453781128 158
1782817045105 2.2026565074920654 159
1782817045106 2.1261348724365234 160
1782817045108 2.194345474243164 161
1782817045109 2.1624412536621094 162
1782817045110 2.230905771255493 163
1782817045111 2.1708991527557373 164
1782817045112 2.209244966506958 165
1782817045114 2.20351243019104 166
1782817045115 2.185335397720337 167
1782817045116 2.1684532165527344 168
1782817045117 2.2702813148498535 169
1782817045118 2.210174560546875 170
1782817045120 2.271794080734253 171
1782817045121 2.1735198497772217 172
1782817045122 2.093001127243042 173
1782817045123 2.2168967723846436 174
1782817045125 2.1833949089050293 175
1782817045126 2.2221505641937256 176
1782817045127 2.2103090286254883 177
1782817045128 2.1366398334503174 178
1782817045130 2.1544547080993652 179
1782817045131 2.254518747329712 180
1782817045132 2.2440006732940674 181
1782817045133 2.199922561645508 182
1782817045135 2.18511962890625 183
1782817045136 2.1628472805023193 184
1782817045137 2.085785150527954 185
1782817045138 2.180933713912964 186
1782817045139 2.173952579498291 187
1782817045141 2.2623634338378906 188
1782817045142 2.1194186210632324 189
1782817045143 2.232905864715576 190
1782817045144 1.9640761613845825 191
1782817045146 2.1791670322418213 192
1782817045147 2.174250841140747 193
1782817045148 2.1545205116271973 194
1782817045149 2.0869688987731934 195
1782817045150 2.1478395462036133 196
1782817045152 2.1445112228393555 197
1782817045153 2.2113940715789795 198
1782817045154 2.1864709854125977 199
1782817045155 2.181072235107422 200
1782817045157 2.1665122509002686 201
1782817045158 1.932044506072998 202
1782817045159 2.225325584411621 203
1782817045160 2.129323720932007 204
1782817045162 2.089792013168335 205
1782817045163 2.122978448867798 206
1782817045164 2.0863187313079834 207
1782817045165 2.193730354309082 208
1782817045166 2.157393455505371 209
1782817045168 2.112069606781006 210
1782817045169 2.0258803367614746 211
1782817045170 2.1374804973602295 212
1782817045171 2.236825466156006 213
1782817045173 2.1346845626831055 214
1782817045174 2.147516965866089 215
1782817045175 2.142533540725708 216
1782817045176 2.1173837184906006 217
1782817045178 2.1119582653045654 218
1782817045179 2.190554141998291 219
1782817045180 2.1393868923187256 220
1782817045181 2.152939796447754 221
1782817045183 2.1548712253570557 222
1782817045184 2.306245803833008 223
1782817045185 2.158451557159424 224
1782817045186 1.9742803573608398 225
1782817045187 2.100802421569824 226
1782817045189 2.1199862957000732 227
1782817045190 2.090641498565674 228
1782817045191 2.151832103729248 229
1782817045192 2.1387131214141846 230
1782817045193 2.1631176471710205 231
1782817045195 2.0936508178710938 232
1782817045196 2.0020296573638916 233
1782817045197 2.128723621368408 234
1782817045199 2.0846054553985596 235
1782817045200 1.9949570894241333 236
1782817045201 2.1466798782348633 237
1782817045202 2.024216651916504 238
1782817045203 2.0213379859924316 239
1782817045205 2.1028881072998047 240
1782817045206 2.075335741043091 241
1782817045208 2.296653985977173 242
1782817045209 2.0716488361358643 243
1782817045210 2.1103463172912598 244
1782817045211 2.101158380508423 245
1782817045212 2.1220102310180664 246
1782817045214 2.153672933578491 247
1782817045215 2.0766077041625977 248
1782817045216 2.126002073287964 249
1782817045217 2.2213821411132812 250
1782817045218 1.9886125326156616 251
1782817045219 2.063976526260376 252
1782817045221 2.073896884918213 253
1782817045222 2.0293729305267334 254
1782817045223 2.088259696960449 255
1782817045224 2.2324841022491455 256
1782817045226 1.9486769437789917 257
1782817045227 2.08675217628479 258
1782817045228 2.063737392425537 259
1782817045229 2.0835835933685303 260
1782817045230 2.1224119663238525 261
1782817045232 2.0246706008911133 262
1782817045233 1.9853768348693848 263
1782817045234 2.0499086380004883 264
1782817045235 1.9587053060531616 265
1782817045236 2.1389636993408203 266
1782817045238 1.8896477222442627 267
1782817045239 1.9613938331604004 268
1782817045240 2.0044867992401123 269
1782817045241 2.0704894065856934 270
1782817045242 1.9294941425323486 271
1782817045244 2.0831594467163086 272
1782817045245 2.056776285171509 273
1782817045246 1.8957624435424805 274
1782817045247 2.1298792362213135 275
1782817045248 1.930415153503418 276
1782817045250 1.9793810844421387 277
1782817045251 2.1229121685028076 278
1782817045252 1.911800503730774 279
1782817045253 2.0211660861968994 280
1782817045254 2.1402862071990967 281
1782817045256 2.0469963550567627 282
1782817045257 2.0048937797546387 283
1782817045258 2.02339506149292 284
1782817045259 2.0691614151000977 285
1782817045260 2.042239189147949 286
1782817045262 2.0751099586486816 287
1782817045263 2.1106655597686768 288
1782817045264 2.1440794467926025 289
1782817045266 2.0491302013397217 290
1782817045267 2.153865337371826 291
1782817045268 2.087533473968506 292
1782817045270 1.9323855638504028 293
1782817045271 1.9010380506515503 294
1782817045272 2.0565176010131836 295
1782817045273 2.1175875663757324 296
1782817045274 2.135658025741577 297
1782817045276 1.9401224851608276 298
1782817045277 2.002753257751465 299
1782817045278 2.0590875148773193 300
1782817045279 2.162956953048706 301
1782817045281 2.096728801727295 302
1782817045282 1.9964888095855713 303
1782817045283 2.0154943466186523 304
1782817045284 2.0139100551605225 305
1782817045286 2.1269338130950928 306
1782817045287 1.9855492115020752 307
1782817045288 2.065154790878296 308
1782817045289 1.9632949829101562 309
1782817045290 1.9105805158615112 310
1782817045292 1.9899060726165771 311
1782817045293 1.8895989656448364 312
1782817045294 1.9861478805541992 313
1782817045295 2.2230610847473145 314
1782817045296 2.1086905002593994 315
1782817045297 1.8995411396026611 316
1782817045299 1.9724260568618774 317
1782817045300 1.9045308828353882 318
1782817045301 1.959723711013794 319
1782817045302 2.071525812149048 320
1782817045303 2.2499799728393555 321
1782817045304 2.154123067855835 322
1782817045306 2.0312516689300537 323
1782817045307 1.8999541997909546 324
1782817045308 1.9604941606521606 325
1782817045309 1.8653900623321533 326
1782817045310 1.8933067321777344 327
1782817045311 2.0063509941101074 328
1782817045313 1.7672343254089355 329
1782817045314 2.0716748237609863 330
1782817045315 1.975854754447937 331
1782817045316 2.0538973808288574 332
1782817045317 2.0364019870758057 333
1782817045319 2.0514698028564453 334
1782817045320 2.1171469688415527 335
1782817045321 2.0772705078125 336
1782817045322 1.924101710319519 337
1782817045323 2.030487537384033 338
1782817045324 2.0458474159240723 339
1782817045326 1.9612648487091064 340
1782817045327 2.021836996078491 341
1782817045328 1.9116754531860352 342
1782817045329 2.1072254180908203 343
1782817045330 2.2259769439697266 344
1782817045331 2.0227038860321045 345
1782817045333 1.946631669998169 346
1782817045334 2.0796937942504883 347
1782817045335 1.9690747261047363 348
1782817045336 1.7040661573410034 349
1782817045337 2.0413832664489746 350
1782817045339 2.0921380519866943 351
1782817045340 1.9495352506637573 352
1782817045341 2.053828716278076 353
1782817045342 2.1786248683929443 354
1782817045343 2.040090560913086 355
1782817045344 2.1315500736236572 356
1782817045346 1.8125414848327637 357
1782817045347 2.027000904083252 358
1782817045348 2.0867295265197754 359
1782817045349 2.146170139312744 360
1782817045350 2.0667483806610107 361
1782817045352 2.0957391262054443 362
1782817045353 2.0536141395568848 363
1782817045354 1.9835776090621948 364
1782817045355 2.109386682510376 365
1782817045356 2.0248124599456787 366
1782817045357 2.0408573150634766 367
1782817045359 1.9601659774780273 368
1782817045360 2.04683256149292 369
1782817045361 2.0128862857818604 370
1782817045362 2.109621286392212 371
1782817045363 1.986478328704834 372
1782817045365 2.039289712905884 373
1782817045366 2.0277884006500244 374
1782817045367 2.0119664669036865 375
1782817045368 2.0863945484161377 376
1782817045369 1.869354486465454 377
1782817045371 1.9840084314346313 378
1782817045372 1.8785076141357422 379
1782817045373 2.0208964347839355 380
1782817045374 1.8713514804840088 381
1782817045375 1.987982153892517 382
1782817045376 1.9857923984527588 383
1782817045378 1.979501724243164 384
1782817045379 1.984523892402649 385
1782817045380 2.0230398178100586 386
1782817045381 1.8436298370361328 387
1782817045382 1.9786847829818726 388
1782817045384 1.9981878995895386 389
1782817045385 1.860640525817871 390
1782817045386 1.9719637632369995 391
1782817045387 1.8686426877975464 392
1782817045388 1.9581049680709839 393
1782817045389 1.8990859985351562 394
1782817045391 1.960581660270691 395
1782817045392 1.9541274309158325 396
1782817045393 1.9651222229003906 397
1782817045394 2.114564895629883 398
1782817045395 1.9207745790481567 399
1782817045397 2.0242626667022705 400
1782817045398 1.830916404724121 401
1782817045399 2.0637400150299072 402
1782817045400 1.8931723833084106 403
1782817045401 1.8704617023468018 404
1782817045403 2.2296435832977295 405
1782817045404 1.8780637979507446 406
1782817045405 1.8544607162475586 407
1782817045406 1.9089701175689697 408
1782817045407 2.185365915298462 409
1782817045409 1.80648672580719 410
1782817045410 1.7863608598709106 411
1782817045411 1.7645305395126343 412
1782817045412 2.0841422080993652 413
1782817045413 2.057701349258423 414
1782817045415 1.7818446159362793 415
1782817045416 1.948254942893982 416
1782817045417 1.8295068740844727 417
1782817045418 1.7938815355300903 418
1782817045419 1.9394299983978271 419
1782817045421 1.8339048624038696 420
1782817045422 1.9750086069107056 421
1782817045423 1.8883012533187866 422
1782817045424 1.8141968250274658 423
1782817045425 1.7516816854476929 424
1782817045427 1.9239540100097656 425
1782817045428 1.8808553218841553 426
1782817045429 1.7804900407791138 427
1782817045430 1.8294087648391724 428
1782817045431 1.698864459991455 429
1782817045432 1.8314473628997803 430
1782817045434 1.5941781997680664 431
1782817045435 1.878554105758667 432
1782817045436 2.0442087650299072 433
1782817045437 1.8054866790771484 434
1782817045438 1.7237426042556763 435
1782817045440 1.817065715789795 436
1782817045441 1.7195425033569336 437
1782817045442 1.8126579523086548 438
1782817045443 1.725520372390747 439
1782817045444 1.8689475059509277 440
1782817045446 1.6830484867095947 441
1782817045447 1.960693597793579 442
1782817045448 1.807084321975708 443
1782817045449 1.8400547504425049 444
1782817045450 1.9572125673294067 445
1782817045452 1.783003568649292 446
1782817045453 1.8217706680297852 447
1782817045454 1.8136945962905884 448
1782817045455 1.9124184846878052 449
1782817045456 1.5917999744415283 450
1782817045457 1.609925627708435 451
1782817045459 1.645710825920105 452
1782817045460 1.818881869316101 453
1782817045461 1.6587176322937012 454
1782817045462 1.7206388711929321 455
1782817045463 1.7414872646331787 456
1782817045465 1.9792437553405762 457
1782817045466 1.8375725746154785 458
1782817045467 1.7091268301010132 459
1782817045468 1.8800466060638428 460
1782817045469 1.7054946422576904 461
1782817045471 1.8539098501205444 462
1782817045472 1.5671868324279785 463
1782817045473 1.5958023071289062 464
1782817045474 1.6473469734191895 465
1782817045476 1.6758311986923218 466
1782817045477 1.9042084217071533 467
1782817045478 1.7116948366165161 468
1782817045479 1.6255568265914917 469
1782817045481 1.5315845012664795 470
1782817045482 1.4215905666351318 471
1782817045483 1.5784865617752075 472
1782817045484 1.9096616506576538 473
1782817045485 1.8480173349380493 474
1782817045487 1.7820347547531128 475
1782817045488 1.7977043390274048 476
1782817045489 1.7948112487792969 477
1782817045490 1.5206923484802246 478
1782817045491 1.581175446510315 479
1782817045493 1.5105880498886108 480
1782817045494 1.717847228050232 481
1782817045495 1.5738104581832886 482
1782817045500 1.7888542413711548 483
1782817045501 1.6724640130996704 484
1782817045502 1.6550498008728027 485
1782817045503 1.5551823377609253 486
1782817045504 1.5617940425872803 487
1782817045505 1.7438262701034546 488
1782817045507 1.7441099882125854 489
1782817045508 1.813106656074524 490
1782817045509 1.5814450979232788 491
1782817045510 1.5272430181503296 492
1782817045511 1.451055884361267 493
1782817045513 1.5815964937210083 494
1782817045514 1.6236395835876465 495
1782817045515 1.7479170560836792 496
1782817045516 1.4083003997802734 497
1782817045517 1.8041930198669434 498
1782817045519 1.4903175830841064 499
1782817045520 1.467034935951233 500
1782817045521 1.528831958770752 501
1782817045522 1.4287776947021484 502
1782817045524 1.2863353490829468 503
1782817045525 1.4781402349472046 504
1782817045526 1.732750415802002 505
1782817045527 1.7838493585586548 506
1782817045528 1.6900140047073364 507
1782817045529 1.60630202293396 508
1782817045531 1.5406047105789185 509
1782817045532 1.4569487571716309 510
1782817045533 1.4333217144012451 511
1782817045534 1.420880913734436 512
1782817045535 1.5615990161895752 513
1782817045537 1.5813019275665283 514
1782817045538 1.4985181093215942 515
1782817045539 1.3983794450759888 516
1782817045540 1.3325053453445435 517
1782817045541 1.8428033590316772 518
1782817045543 1.584494709968567 519
1782817045544 1.23051118850708 520
1782817045545 1.5147738456726074 521
1782817045546 1.3789390325546265 522
1782817045547 1.576359510421753 523
1782817045549 1.649471402168274 524
1782817045550 1.2789236307144165 525
1782817045551 1.5695075988769531 526
1782817045552 1.419301152229309 527
1782817045553 1.7443734407424927 528
1782817045554 1.4853850603103638 529
1782817045556 1.605244755744934 530
1782817045557 1.4799394607543945 531
1782817045558 1.3746281862258911 532
1782817045559 1.3979166746139526 533
1782817045561 1.5254271030426025 534
1782817045562 1.4888852834701538 535
1782817045563 1.4060972929000854 536
1782817045564 1.205546498298645 537
1782817045565 1.465018630027771 538
1782817045566 1.4216688871383667 539
1782817045568 1.233612298965454 540
1782817045569 1.4794611930847168 541
1782817045570 1.593299150466919 542
1782817045571 1.2878940105438232 543
1782817045572 1.6456592082977295 544
1782817045573 1.3652114868164062 545
1782817045575 1.3534998893737793 546
1782817045576 1.4815489053726196 547
1782817045577 1.3187267780303955 548
1782817045578 1.4523614645004272 549
1782817045579 1.5443860292434692 550
1782817045581 1.783890724182129 551
1782817045582 1.4247535467147827 552
1782817045583 1.3156230449676514 553
1782817045585 1.139493465423584 554
1782817045586 1.2726951837539673 555
1782817045588 1.2699027061462402 556
1782817045589 1.2929887771606445 557
1782817045590 1.4345018863677979 558
1782817045592 1.6369191408157349 559
1782817045593 1.542290210723877 560
1782817045594 1.376945972442627 561
1782817045596 1.2567157745361328 562
1782817045597 1.4847705364227295 563
1782817045598 1.4874162673950195 564
1782817045600 1.3279622793197632 565
1782817045601 1.4330213069915771 566
1782817045603 1.6806410551071167 567
1782817045604 1.3221590518951416 568
1782817045605 1.404028058052063 569
1782817045607 1.1742336750030518 570
1782817045608 1.4804285764694214 571
1782817045609 1.6833860874176025 572
1782817045611 1.3421149253845215 573
1782817045613 1.4591988325119019 574
1782817045614 1.7287254333496094 575
1782817045615 1.31551194190979 576
1782817045616 1.4547628164291382 577
1782817045617 1.5722033977508545 578
1782817045619 1.6191188097000122 579
1782817045620 1.368746280670166 580
1782817045621 1.2987068891525269 581
1782817045622 1.3607224225997925 582
1782817045623 1.4592688083648682 583
1782817045625 1.0592811107635498 584
1782817045626 1.7396953105926514 585
1782817045627 1.3375107049942017 586
1782817045628 1.3913480043411255 587
1782817045629 1.2288514375686646 588
1782817045630 1.2684706449508667 589
1782817045632 1.4112628698349 590
1782817045633 1.4363526105880737 591
1782817045634 1.5112758874893188 592
1782817045635 1.5128533840179443 593
1782817045637 1.2696818113327026 594
1782817045638 1.4555485248565674 595
1782817045639 1.4846892356872559 596
1782817045640 1.3795822858810425 597
1782817045641 1.0823602676391602 598
1782817045643 1.1858365535736084 599
1782817045644 1.2483594417572021 600
1782817045645 1.5621943473815918 601
1782817045646 1.5208594799041748 602
1782817045647 1.439850926399231 603
1782817045649 1.2596954107284546 604
1782817045650 1.0821443796157837 605
1782817045651 1.1688604354858398 606
1782817045652 1.4617829322814941 607
1782817045653 1.3259221315383911 608
1782817045655 1.6215386390686035 609
1782817045656 1.4632755517959595 610
1782817045657 1.1972004175186157 611
1782817045658 1.2338560819625854 612
1782817045659 1.3343223333358765 613
1782817045661 1.0414032936096191 614
1782817045662 1.3960270881652832 615
1782817045663 1.8382185697555542 616
1782817045664 1.4034572839736938 617
1782817045665 1.5628925561904907 618
1782817045668 1.2997581958770752 619
1782817045669 1.162079095840454 620
1782817045670 1.3410236835479736 621
1782817045671 1.2411850690841675 622
1782817045672 1.462341070175171 623
1782817045674 1.2850799560546875 624
1782817045675 1.0571410655975342 625
1782817045676 1.414401650428772 626
1782817045677 1.5470077991485596 627
1782817045678 1.2511144876480103 628
1782817045680 1.0116404294967651 629
1782817045681 1.4261208772659302 630
1782817045682 1.3686025142669678 631
1782817045683 1.3203301429748535 632
1782817045685 1.1077017784118652 633
1782817045686 1.3514140844345093 634
1782817045687 1.437895655632019 635
1782817045688 1.3572614192962646 636
1782817045689 1.3228713274002075 637
1782817045691 1.3138326406478882 638
1782817045692 1.3377540111541748 639
1782817045693 1.4163818359375 640
1782817045694 1.4228087663650513 641
1782817045696 1.2870292663574219 642
1782817045697 1.1926865577697754 643
1782817045698 1.1638966798782349 644
1782817045699 1.2155877351760864 645
1782817045700 1.1511549949645996 646
1782817045702 1.4783021211624146 647
1782817045703 1.4146431684494019 648
1782817045704 1.1917082071304321 649
1782817045705 1.0939809083938599 650
1782817045706 1.0247448682785034 651
1782817045708 1.0238463878631592 652
1782817045709 1.3016544580459595 653
1782817045710 1.0644173622131348 654
1782817045711 1.2886329889297485 655
1782817045712 1.0891672372817993 656
1782817045714 0.9173935651779175 657
1782817045715 1.0685181617736816 658
1782817045716 0.8749659061431885 659
1782817045717 1.2090893983840942 660
1782817045718 1.0505636930465698 661
1782817045720 1.1547551155090332 662
1782817045721 1.3936879634857178 663
1782817045722 1.048491358757019 664
1782817045723 1.3196640014648438 665
1782817045724 1.2298632860183716 666
1782817045726 0.970249593257904 667
1782817045727 1.1695953607559204 668
1782817045728 1.1489566564559937 669
1782817045729 1.0270212888717651 670
1782817045730 1.1459146738052368 671
1782817045732 1.2157407999038696 672
1782817045733 1.3810791969299316 673
1782817045734 1.1020103693008423 674
1782817045736 1.3200422525405884 675
1782817045737 1.20237135887146 676
1782817045738 1.1332361698150635 677
1782817045739 1.1879171133041382 678
1782817045740 1.3545501232147217 679
1782817045742 1.1760653257369995 680
1782817045743 1.1998201608657837 681
1782817045744 1.2293182611465454 682
1782817045745 1.3881663084030151 683
1782817045746 1.3894400596618652 684
1782817045748 1.2403018474578857 685
1782817045749 1.2554817199707031 686
1782817045750 1.0697988271713257 687
1782817045751 1.2831027507781982 688
1782817045753 1.0436559915542603 689
1782817045754 1.2250345945358276 690
1782817045755 1.08440363407135 691
1782817045756 1.1793687343597412 692
1782817045757 1.476970911026001 693
1782817045758 1.1792281866073608 694
1782817045760 0.9797643423080444 695
1782817045761 1.3277019262313843 696
1782817045762 1.199607014656067 697
1782817045763 0.9584571123123169 698
1782817045765 1.2589794397354126 699
1782817045766 1.3057719469070435 700
1782817045767 1.4066728353500366 701
1782817045768 1.0213383436203003 702
1782817045770 1.002053141593933 703
1782817045771 0.9638623595237732 704
1782817045772 1.0371575355529785 705
1782817045773 1.137866735458374 706
1782817045774 1.0699690580368042 707
1782817045776 1.3645199537277222 708
1782817045777 1.0353991985321045 709
1782817045778 1.1282275915145874 710
1782817045779 1.2504781484603882 711
1782817045781 1.0134563446044922 712
1782817045782 1.3409216403961182 713
1782817045783 1.245804786682129 714
1782817045785 1.2107999324798584 715
1782817045786 0.8522891402244568 716
1782817045788 1.0798338651657104 717
1782817045789 0.9964441657066345 718
1782817045790 1.2257839441299438 719
1782817045792 0.925511360168457 720
1782817045793 1.297649621963501 721
1782817045795 0.9556623697280884 722
1782817045796 0.871452808380127 723
1782817045797 1.080836534500122 724
1782817045799 0.8960208296775818 725
1782817045800 1.323837161064148 726
1782817045802 1.2895607948303223 727
1782817045803 1.179410696029663 728
1782817045804 0.9764336943626404 729
1782817045806 1.0532848834991455 730
1782817045807 0.9074330925941467 731
1782817045809 1.1938565969467163 732
1782817045810 1.04501211643219 733
1782817045811 1.0195444822311401 734
1782817045813 1.1494821310043335 735
1782817045814 1.0426969528198242 736
1782817045815 1.1362857818603516 737
1782817045817 0.6407372951507568 738
1782817045818 1.2166320085525513 739
1782817045820 1.1029345989227295 740
1782817045821 1.0521044731140137 741
1782817045822 1.1510623693466187 742
1782817045824 0.869193434715271 743
1782817045825 1.0111656188964844 744
1782817045827 0.743215024471283 745
1782817045828 0.9692733883857727 746
1782817045829 0.7866654992103577 747
1782817045831 0.9782469272613525 748
1782817045832 0.8420128226280212 749
1782817045833 0.8189103007316589 750
1782817045835 1.0106418132781982 751
1782817045836 1.0280314683914185 752
1782817045838 1.0735148191452026 753
1782817045839 0.9394491314888 754
1782817045840 0.8287763595581055 755
1782817045842 0.8148781657218933 756
1782817045843 0.7929222583770752 757
1782817045845 0.823767900466919 758
1782817045846 0.5678561925888062 759
1782817045847 0.809273362159729 760
1782817045849 0.8622062802314758 761
1782817045850 1.36281418800354 762
1782817045852 0.682292103767395 763
1782817045853 0.823704719543457 764
1782817045854 0.6348364949226379 765
1782817045856 0.6720890402793884 766
1782817045857 0.5941565036773682 767
1782817045859 0.8256057500839233 768
1782817045860 0.9435956478118896 769
1782817045861 0.9955604076385498 770
1782817045863 0.841571569442749 771
1782817045864 0.6367273926734924 772
1782817045866 0.834200918674469 773
1782817045867 0.8474173545837402 774
1782817045868 0.6430220603942871 775
1782817045870 1.1069563627243042 776
1782817045871 0.7227562069892883 777
1782817045873 0.5489216446876526 778
1782817045874 0.8941605687141418 779
1782817045876 0.5615776777267456 780
1782817045877 0.6499528884887695 781
1782817045879 0.6972247362136841 782
1782817045880 0.6363388299942017 783
1782817045881 0.8508527874946594 784
1782817045883 0.5498826503753662 785
1782817045884 0.7047688961029053 786
1782817045886 0.8260531425476074 787
1782817045887 0.6700653433799744 788
1782817045889 0.6889345645904541 789
1782817045890 0.5642856955528259 790
1782817045891 0.6110337376594543 791
1782817045893 0.6928942203521729 792
1782817045894 1.1099296808242798 793
1782817045896 0.760297417640686 794
1782817045897 0.7686665654182434 795
1782817045898 0.5369683504104614 796
1782817045900 0.7794486880302429 797
1782817045901 0.4147263765335083 798
1782817045903 0.7609228491783142 799
1782817045904 0.5844133496284485 800
1782817045906 0.49122506380081177 801
1782817045907 0.6365771889686584 802
1782817045908 0.6784170866012573 803
1782817045910 0.6662612557411194 804
1782817045911 0.44600093364715576 805
1782817045913 0.7135391235351562 806
1782817045914 0.4410211443901062 807
1782817045915 0.6230310201644897 808
1782817045917 0.5185040831565857 809
1782817045918 0.5104029178619385 810
1782817045920 0.9486704468727112 811
1782817045921 0.728575587272644 812
1782817045922 0.7029408812522888 813
1782817045924 0.8574985265731812 814
1782817045925 0.7890065312385559 815
1782817045927 0.6455216407775879 816
1782817045928 0.4840537905693054 817
1782817045929 0.7078343033790588 818
1782817045931 0.6753960847854614 819
1782817045932 0.569654643535614 820
1782817045933 1.331770658493042 821
1782817045935 0.7729414105415344 822
1782817045936 0.5322459936141968 823
1782817045938 0.5472942590713501 824
1782817045939 0.7276273965835571 825
1782817045940 0.8783531188964844 826
1782817045942 0.5487825870513916 827
1782817045943 0.6068633198738098 828
1782817045945 0.5504260659217834 829
1782817045946 0.7217285633087158 830
1782817045947 0.6217470169067383 831
1782817045949 0.8719666004180908 832
1782817045950 0.6449406743049622 833
1782817045952 0.4160047769546509 834
1782817045953 0.5929223299026489 835
1782817045954 0.5324499011039734 836
1782817045956 0.5224440693855286 837
1782817045957 0.5541008710861206 838
1782817045959 0.5642927289009094 839
1782817045960 0.5225854516029358 840
1782817045961 0.7358511090278625 841
1782817045963 0.7023260593414307 842
1782817045964 0.7307789921760559 843
1782817045966 0.774651288986206 844
1782817045967 0.46080443263053894 845
1782817045968 0.5424303412437439 846
1782817045970 0.6123180389404297 847
1782817045971 0.6206457018852234 848
1782817045973 0.5646712779998779 849
1782817045974 0.4785687029361725 850
1782817045975 0.6328848600387573 851
1782817045977 0.7327836155891418 852
1782817045978 0.4871070981025696 853
1782817045980 0.7512089610099792 854
1782817045981 0.6231493949890137 855
1782817045982 0.5771951079368591 856
1782817045984 0.7330945134162903 857
1782817045985 0.6371991634368896 858
1782817045987 0.591575026512146 859
1782817045988 0.5476193428039551 860
1782817045989 0.4658569097518921 861
1782817045991 0.428673654794693 862
1782817045992 0.581562340259552 863
1782817045994 0.4747229814529419 864
1782817045995 0.43198952078819275 865
1782817045996 0.6620263457298279 866
1782817045998 0.4778079390525818 867
1782817045999 0.5324486494064331 868
1782817046001 0.5515943765640259 869
1782817046002 0.5901533365249634 870
1782817046003 0.931816577911377 871
1782817046005 0.6170485019683838 872
1782817046006 0.5099525451660156 873
1782817046008 0.6139883399009705 874
1782817046009 0.737794041633606 875
1782817046010 0.7386415600776672 876
1782817046012 0.7166356444358826 877
1782817046013 0.9246829748153687 878
1782817046015 0.7514892816543579 879
1782817046016 0.648037314414978 880
1782817046017 0.6633599400520325 881
1782817046019 0.6421462297439575 882
1782817046020 0.6179404854774475 883
1782817046022 0.8181309700012207 884
1782817046023 0.5881491303443909 885
1782817046024 0.6846930980682373 886
1782817046026 0.46297675371170044 887
1782817046027 0.8744367361068726 888
1782817046029 0.4725470244884491 889
1782817046030 0.4103623330593109 890
1782817046031 0.5925576686859131 891
1782817046033 0.3975270390510559 892
1782817046034 0.42838093638420105 893
1782817046036 0.6527612209320068 894
1782817046037 0.42058685421943665 895
1782817046038 0.4717819094657898 896
1782817046040 0.43875083327293396 897
1782817046041 0.3795687258243561 898
1782817046043 0.5404126048088074 899
1782817046044 0.5350850224494934 900
1782817046045 0.34228047728538513 901
1782817046047 0.5015057325363159 902
1782817046048 0.5226011276245117 903
1782817046050 0.5298362970352173 904
1782817046051 0.4408569931983948 905
1782817046052 0.41172894835472107 906
1782817046054 0.3983364403247833 907
1782817046055 0.5735256671905518 908
1782817046057 0.316456139087677 909
1782817046058 0.5904910564422607 910
1782817046059 0.458052396774292 911
1782817046061 0.4319942593574524 912
1782817046062 0.5926417112350464 913
1782817046064 0.6632823944091797 914
1782817046065 0.75688636302948 915
1782817046066 0.6528001427650452 916
1782817046068 0.4062804579734802 917
1782817046069 0.3404649794101715 918
1782817046071 0.6273733973503113 919
1782817046072 0.37573134899139404 920
1782817046073 0.4895927608013153 921
1782817046075 0.5118739008903503 922
1782817046076 0.3949223458766937 923
1782817046078 0.5190585851669312 924
1782817046079 0.5976775884628296 925
1782817046081 0.34815290570259094 926
1782817046082 0.5950376391410828 927
1782817046083 0.48527929186820984 928
1782817046084 0.6096761226654053 929
1782817046086 0.43322867155075073 930
1782817046087 0.6211183071136475 931
1782817046088 0.7650867104530334 932
1782817046089 0.5724263787269592 933
1782817046091 0.7004620432853699 934
1782817046093 0.2886814773082733 935
1782817046095 0.35283568501472473 936
1782817046097 0.8259096741676331 937
1782817046098 0.7976802587509155 938
1782817046100 0.37625470757484436 939
1782817046102 0.5433011651039124 940
1782817046103 0.5506370663642883 941
1782817046104 0.4696592092514038 942
1782817046105 0.5167956948280334 943
1782817046107 0.574638307094574 944
1782817046108 0.26324230432510376 945
1782817046109 0.2922007143497467 946
1782817046111 0.4607781767845154 947
1782817046112 0.6492191553115845 948
1782817046113 0.5609683394432068 949
1782817046114 0.7001907229423523 950
1782817046116 0.7885655164718628 951
1782817046117 0.4304594397544861 952
1782817046118 0.5374767184257507 953
1782817046119 0.5765866637229919 954
1782817046120 0.5866177082061768 955
1782817046122 0.5970991253852844 956
1782817046123 0.36498555541038513 957
1782817046124 0.45485907793045044 958
1782817046125 0.757316529750824 959
1782817046126 0.48307672142982483 960
1782817046128 0.5311366319656372 961
1782817046129 0.5028001666069031 962
1782817046130 0.48855075240135193 963
1782817046131 0.7576944231987 964
1782817046133 0.7552884817123413 965
1782817046134 0.6669532656669617 966
1782817046135 0.454723984003067 967
1782817046136 0.4128715395927429 968
1782817046137 0.791650652885437 969
1782817046139 0.3912392854690552 970
1782817046140 0.6623983383178711 971
1782817046141 0.4155060052871704 972
1782817046142 0.5428997874259949 973
1782817046143 0.4591772258281708 974
1782817046145 0.39834243059158325 975
1782817046146 0.313446044921875 976
1782817046147 0.4189261198043823 977
1782817046148 0.42214009165763855 978
1782817046149 0.6649354100227356 979
1782817046151 0.6828802824020386 980
1782817046152 0.47412657737731934 981
1782817046153 0.6919065713882446 982
1782817046154 0.4994274973869324 983
1782817046156 0.46222344040870667 984
1782817046157 0.7639935612678528 985
1782817046158 0.2823946475982666 986
1782817046159 0.5178705453872681 987
1782817046160 0.391647070646286 988
1782817046161 0.43671172857284546 989
1782817046163 0.38466110825538635 990
1782817046164 0.45878124237060547 991
1782817046165 0.6815345883369446 992
1782817046166 0.4664362370967865 993
1782817046168 0.2596586048603058 994
1782817046169 0.46296969056129456 995
1782817046170 0.4344148337841034 996
1782817046171 0.8950665593147278 997
1782817046173 0.5901282429695129 998
1782817046174 0.33474767208099365 999
1782817046175 0.9231616854667664 1000
1782817046177 0.5096816420555115 1001
1782817046178 0.45363539457321167 1002
1782817046179 0.6811732053756714 1003
1782817046181 1.0104204416275024 1004
1782817046182 0.28357750177383423 1005
1782817046183 0.5956555008888245 1006
1782817046184 0.22336313128471375 1007
1782817046186 0.2796156406402588 1008
1782817046187 0.26723480224609375 1009
1782817046188 0.44774144887924194 1010
1782817046189 0.3188888728618622 1011
1782817046191 0.3240887224674225 1012
1782817046192 0.44605758786201477 1013
1782817046193 0.48891016840934753 1014
1782817046194 0.3674284517765045 1015
1782817046195 0.27763116359710693 1016
1782817046197 0.5425432324409485 1017
1782817046198 0.32482990622520447 1018
1782817046199 0.7464157938957214 1019
1782817046200 0.515982449054718 1020
1782817046202 0.30794548988342285 1021
1782817046203 0.8788434267044067 1022
1782817046204 0.2573574185371399 1023
1782817046205 0.5437472462654114 1024
1782817046206 0.6024999022483826 1025
1782817046208 0.2842637300491333 1026
1782817046209 0.313263863325119 1027
1782817046210 0.4199810326099396 1028
1782817046211 0.3221953511238098 1029
1782817046212 0.37975648045539856 1030
1782817046214 0.3760189712047577 1031
1782817046215 0.5555177927017212 1032
1782817046216 0.5939945578575134 1033
1782817046217 0.3421059250831604 1034
1782817046218 0.5162613391876221 1035
1782817046220 0.5697774887084961 1036
1782817046221 0.3667677044868469 1037
1782817046222 0.3413770794868469 1038
1782817046223 0.48802077770233154 1039
1782817046225 0.36505451798439026 1040
1782817046226 0.2457156479358673 1041
1782817046227 0.4827626347541809 1042
1782817046228 0.6063925623893738 1043
1782817046229 0.389098197221756 1044
1782817046231 0.9552722573280334 1045
1782817046232 0.5546175837516785 1046
1782817046233 0.6757133603096008 1047
1782817046234 0.3617604672908783 1048
1782817046235 0.6573019623756409 1049
1782817046237 0.5127357840538025 1050
1782817046238 0.3700738251209259 1051
1782817046239 0.36380237340927124 1052
1782817046240 0.4693547189235687 1053
1782817046241 0.5684780478477478 1054
1782817046243 0.3167237639427185 1055
1782817046244 0.35344287753105164 1056
1782817046245 0.4997623562812805 1057
1782817046246 0.7864235043525696 1058
1782817046248 0.4452008008956909 1059
1782817046249 0.36274221539497375 1060
1782817046250 0.4693327844142914 1061
1782817046251 0.4805448651313782 1062
1782817046252 0.3604590594768524 1063
1782817046254 0.44519779086112976 1064
1782817046255 0.2598941922187805 1065
1782817046256 0.9424453377723694 1066
1782817046257 0.37822425365448 1067
1782817046258 0.45123860239982605 1068
1782817046260 0.28852590918540955 1069
1782817046261 0.38364189863204956 1070
1782817046262 0.5505589246749878 1071
1782817046264 0.3571103513240814 1072
1782817046265 0.2735241949558258 1073
1782817046267 0.4119483232498169 1074
1782817046268 0.41683828830718994 1075
1782817046269 0.5676758289337158 1076
1782817046271 0.38124579191207886 1077
1782817046272 0.7411397695541382 1078
1782817046273 0.3480894863605499 1079
1782817046275 0.5600461363792419 1080
1782817046276 0.4381095767021179 1081
1782817046277 0.5131034851074219 1082
1782817046278 0.30733540654182434 1083
1782817046280 0.5810407400131226 1084
1782817046281 0.41601109504699707 1085
1782817046283 0.2843794822692871 1086
1782817046284 0.4838721454143524 1087
1782817046286 0.3269170820713043 1088
1782817046287 0.4856303036212921 1089
1782817046288 0.5274799466133118 1090
1782817046290 0.5769792795181274 1091
1782817046291 0.5507416129112244 1092
1782817046293 0.2856796681880951 1093
1782817046294 0.46819156408309937 1094
1782817046295 0.5462611317634583 1095
1782817046297 0.24320022761821747 1096
1782817046298 0.5144606232643127 1097
1782817046299 0.44918808341026306 1098
1782817046300 0.3210197389125824 1099
1782817046302 0.6033728122711182 1100
1782817046303 0.4918961226940155 1101
1782817046304 0.49766549468040466 1102
1782817046305 0.39235585927963257 1103
1782817046307 0.5019174218177795 1104
1782817046308 0.5201202630996704 1105
1782817046309 0.3756096065044403 1106
1782817046310 0.581184446811676 1107
1782817046312 0.5742652416229248 1108
1782817046313 0.30315136909484863 1109
1782817046314 0.3773881494998932 1110
1782817046315 0.2138964980840683 1111
1782817046317 0.5073097348213196 1112
1782817046318 0.6022055745124817 1113
1782817046319 0.5802934169769287 1114
1782817046320 0.3981068730354309 1115
1782817046322 0.39392855763435364 1116
1782817046323 0.4364349842071533 1117
1782817046324 0.7234787940979004 1118
1782817046325 0.246673122048378 1119
1782817046327 0.4999038279056549 1120
1782817046328 0.3232032358646393 1121
1782817046329 0.44212743639945984 1122
1782817046330 0.41344356536865234 1123
1782817046332 0.37800946831703186 1124
1782817046333 0.173198401927948 1125
1782817046334 0.37623369693756104 1126
1782817046335 0.2908981144428253 1127
1782817046337 0.28823184967041016 1128
1782817046338 0.699141800403595 1129
1782817046339 0.45692330598831177 1130
1782817046340 0.1961880326271057 1131
1782817046342 0.3972943425178528 1132
1782817046343 0.3605499267578125 1133
1782817046344 0.3759737014770508 1134
1782817046345 0.2851497530937195 1135
1782817046347 0.3812088370323181 1136
1782817046348 0.5412663221359253 1137
1782817046349 0.6308534145355225 1138
1782817046350 0.37792301177978516 1139
1782817046352 0.45597803592681885 1140
1782817046353 0.3492182493209839 1141
1782817046354 0.5012408494949341 1142
1782817046355 0.2760067582130432 1143
1782817046357 0.6790839433670044 1144
1782817046358 0.4613897204399109 1145
1782817046359 0.3643304705619812 1146
1782817046360 0.2873102128505707 1147
1782817046362 0.2733290493488312 1148
1782817046363 0.44662365317344666 1149
1782817046364 0.36076241731643677 1150
1782817046365 0.5801392793655396 1151
1782817046366 0.4277816116809845 1152
1782817046368 0.2694036364555359 1153
1782817046369 0.3734557628631592 1154
1782817046370 0.2591318190097809 1155
1782817046371 0.32874107360839844 1156
1782817046373 0.2300538420677185 1157
1782817046374 0.3812595009803772 1158
1782817046375 0.6648061871528625 1159
1782817046377 0.6931991577148438 1160
1782817046378 0.5405014157295227 1161
1782817046379 0.3681277334690094 1162
1782817046380 0.4446273446083069 1163
1782817046382 0.4954194128513336 1164
1782817046383 0.41941964626312256 1165
1782817046384 0.28752443194389343 1166
1782817046385 0.6169127225875854 1167
1782817046387 0.8669066429138184 1168
1782817046388 0.3095477521419525 1169
1782817046389 0.49996984004974365 1170
1782817046390 0.44392070174217224 1171
1782817046392 0.25994306802749634 1172
1782817046393 0.2577504813671112 1173
1782817046394 0.29687416553497314 1174
1782817046395 0.5886006355285645 1175
1782817046397 0.5863051414489746 1176
1782817046398 0.6002971529960632 1177
1782817046399 0.29653698205947876 1178
1782817046400 0.3131353259086609 1179
1782817046402 0.21897080540657043 1180
1782817046403 0.48204272985458374 1181
1782817046404 0.20262514054775238 1182
1782817046405 0.5879854559898376 1183
1782817046406 0.2429153025150299 1184
1782817046408 0.4115941524505615 1185
1782817046409 0.40702924132347107 1186
1782817046410 0.4317319989204407 1187
1782817046411 0.3033451735973358 1188
1782817046413 0.22639010846614838 1189
1782817046414 0.46990928053855896 1190
1782817046415 0.3286302983760834 1191
1782817046416 0.36705368757247925 1192
1782817046418 0.514888346195221 1193
1782817046419 0.39338505268096924 1194
1782817046420 0.45597803592681885 1195
1782817046422 0.26328402757644653 1196
1782817046423 0.3577503561973572 1197
1782817046424 0.21220800280570984 1198
1782817046426 0.404485821723938 1199
1782817046427 0.5046894550323486 1200
1782817046429 0.2828921675682068 1201
1782817046430 0.31678226590156555 1202
1782817046431 0.7130701541900635 1203
1782817046433 0.3148159682750702 1204
1782817046434 0.41727960109710693 1205
1782817046436 0.44048720598220825 1206
1782817046437 0.39607927203178406 1207
1782817046439 0.46241965889930725 1208
1782817046440 0.30341795086860657 1209
1782817046442 0.5040326118469238 1210
1782817046443 0.5360068678855896 1211
1782817046444 0.5442764759063721 1212
1782817046446 0.4084705710411072 1213
1782817046447 0.4508512616157532 1214
1782817046449 0.36792153120040894 1215
1782817046450 0.533312201499939 1216
1782817046451 0.25283414125442505 1217
1782817046453 0.20039883255958557 1218
1782817046454 0.2663291394710541 1219
1782817046456 0.3749473989009857 1220
1782817046457 0.5606055855751038 1221
1782817046459 0.3813898265361786 1222
1782817046460 0.5327407717704773 1223
1782817046461 0.3447134792804718 1224
1782817046463 0.2120497226715088 1225
1782817046464 0.3152797818183899 1226
1782817046466 0.3553839921951294 1227
1782817046467 0.168603777885437 1228
1782817046469 0.23191243410110474 1229
1782817046470 0.26378992199897766 1230
1782817046472 0.2257680892944336 1231
1782817046473 0.34270575642585754 1232
1782817046474 0.6666837930679321 1233
1782817046476 0.22649644315242767 1234
1782817046477 0.34936967492103577 1235
1782817046479 0.44685178995132446 1236
1782817046480 0.5333239436149597 1237
1782817046482 0.49948862195014954 1238
1782817046483 0.5245069861412048 1239
1782817046485 0.2879432141780853 1240
1782817046486 0.43091610074043274 1241
1782817046487 0.5453843474388123 1242
1782817046489 0.16488060355186462 1243
1782817046491 0.35635891556739807 1244
1782817046492 0.24244976043701172 1245
1782817046494 0.4736713767051697 1246
1782817046495 0.3467952311038971 1247
1782817046497 0.47792696952819824 1248
1782817046498 0.3366854190826416 1249
1782817046500 0.5021328926086426 1250
1782817046501 0.3631705641746521 1251
1782817046503 0.42774221301078796 1252
1782817046504 0.5629539489746094 1253
1782817046505 0.3829902410507202 1254
1782817046507 0.3817586898803711 1255
1782817046508 0.33677905797958374 1256
1782817046509 0.19280460476875305 1257
1782817046511 0.32165589928627014 1258
1782817046512 0.45876118540763855 1259
1782817046513 0.21395470201969147 1260
1782817046514 0.4094119369983673 1261
1782817046516 0.3743823766708374 1262
1782817046517 0.2850039601325989 1263
1782817046518 0.2923307716846466 1264
1782817046520 0.2928329110145569 1265
1782817046521 0.49519237875938416 1266
1782817046522 0.24353280663490295 1267
1782817046524 0.36248600482940674 1268
1782817046525 0.4233754575252533 1269
1782817046526 0.419420063495636 1270
1782817046527 0.5873030424118042 1271
1782817046529 0.6162933707237244 1272
1782817046530 0.5407076478004456 1273
1782817046531 0.5393832325935364 1274
1782817046532 0.26280298829078674 1275
1782817046534 0.39395448565483093 1276
1782817046535 0.25747600197792053 1277
1782817046536 0.28360307216644287 1278
1782817046537 0.22641077637672424 1279
1782817046538 0.30654028058052063 1280
1782817046540 0.2777003347873688 1281
1782817046541 0.6227426528930664 1282
1782817046542 0.3052838146686554 1283
1782817046544 0.3934198021888733 1284
1782817046545 0.4300488531589508 1285
1782817046546 0.29196518659591675 1286
1782817046547 0.2046685814857483 1287
1782817046549 0.32249927520751953 1288
1782817046550 0.2557743787765503 1289
1782817046551 0.3860490918159485 1290
1782817046552 0.5981756448745728 1291
1782817046554 0.2884344160556793 1292
1782817046555 0.3185754716396332 1293
1782817046556 0.17368184030056 1294
1782817046557 0.5471438765525818 1295
1782817046559 0.31023356318473816 1296
1782817046560 0.6333947777748108 1297
1782817046561 0.25676682591438293 1298
1782817046562 0.8582553863525391 1299
1782817046564 0.5436046123504639 1300
1782817046565 0.45610660314559937 1301
1782817046566 0.35001340508461 1302
1782817046567 0.2726612687110901 1303
1782817046569 0.22933229804039001 1304
1782817046570 0.49395740032196045 1305
1782817046571 0.6030162572860718 1306
1782817046572 0.2651883065700531 1307
1782817046574 0.491271436214447 1308
1782817046575 0.39427846670150757 1309
1782817046576 0.23295319080352783 1310
1782817046577 0.16391630470752716 1311
1782817046579 0.8236739039421082 1312
1782817046580 0.4571339786052704 1313
1782817046581 0.42500197887420654 1314
1782817046582 0.24501797556877136 1315
1782817046584 0.5774745345115662 1316
1782817046585 0.32112228870391846 1317
1782817046586 0.4761441648006439 1318
1782817046587 0.4853658974170685 1319
1782817046589 0.2553718388080597 1320
1782817046590 0.3635038137435913 1321
1782817046591 0.2734328806400299 1322
1782817046592 0.20750008523464203 1323
1782817046594 0.4757634401321411 1324
1782817046595 0.39041638374328613 1325
1782817046596 0.5290603637695312 1326
1782817046598 0.49988216161727905 1327
1782817046599 0.3241150975227356 1328
1782817046601 0.38410380482673645 1329
1782817046602 0.28751662373542786 1330
1782817046603 0.2395501732826233 1331
1782817046604 0.4127819240093231 1332
1782817046606 0.262638658285141 1333
1782817046607 0.3220115005970001 1334
1782817046609 0.5533560514450073 1335
1782817046610 0.2540549337863922 1336
1782817046612 0.17424941062927246 1337
1782817046613 0.24432171881198883 1338
1782817046614 0.5486737489700317 1339
1782817046616 0.8088535666465759 1340
1782817046617 0.7155015468597412 1341
1782817046619 0.48136258125305176 1342
1782817046620 0.40397030115127563 1343
1782817046622 0.6295140385627747 1344
1782817046623 0.541749894618988 1345
1782817046624 0.3331716060638428 1346
1782817046626 0.32356923818588257 1347
1782817046627 0.5980391502380371 1348
1782817046629 0.2064623385667801 1349
1782817046630 0.1305389553308487 1350
1782817046632 0.47079625725746155 1351
1782817046633 0.2965553402900696 1352
1782817046635 0.5092473030090332 1353
1782817046636 0.5882853269577026 1354
1782817046638 0.6482394933700562 1355
1782817046639 0.32100909948349 1356
1782817046641 0.7629268169403076 1357
1782817046642 0.37321943044662476 1358
1782817046643 0.21665270626544952 1359
1782817046645 0.4734555184841156 1360
1782817046646 0.28193050622940063 1361
1782817046648 0.13808448612689972 1362
1782817046649 0.7554027438163757 1363
1782817046651 0.22014029324054718 1364
1782817046652 0.2254517823457718 1365
1782817046654 0.411257803440094 1366
1782817046655 0.2864336371421814 1367
1782817046656 0.20006291568279266 1368
1782817046658 0.21026383340358734 1369
1782817046659 0.1195879653096199 1370
1782817046660 0.7250890731811523 1371
1782817046662 0.253492146730423 1372
1782817046663 0.44881337881088257 1373
1782817046664 0.31828194856643677 1374
1782817046666 0.160051167011261 1375
1782817046667 0.5665951371192932 1376
1782817046668 0.24801236391067505 1377
1782817046670 0.2845904231071472 1378
1782817046671 0.3964327275753021 1379
1782817046672 0.5721109509468079 1380
1782817046674 0.3483276665210724 1381
1782817046675 0.45097288489341736 1382
1782817046676 0.6102108955383301 1383
1782817046678 0.7206846475601196 1384
1782817046679 0.37749990820884705 1385
1782817046680 0.7668593525886536 1386
1782817046682 0.880440354347229 1387
1782817046683 0.348273366689682 1388
1782817046684 0.16915027797222137 1389
1782817046686 0.38519319891929626 1390
1782817046687 0.45927929878234863 1391
1782817046688 0.366069495677948 1392
1782817046690 0.5015860199928284 1393
1782817046691 0.5262911319732666 1394
1782817046692 0.4914189875125885 1395
1782817046694 0.41390153765678406 1396
1782817046695 0.4478665292263031 1397
1782817046696 0.24803340435028076 1398
1782817046697 0.5697895884513855 1399
1782817046699 0.3263626992702484 1400
1782817046700 0.3638748824596405 1401
1782817046701 0.44867607951164246 1402
1782817046703 0.5520226955413818 1403
1782817046704 0.5056180357933044 1404
1782817046705 0.4163345992565155 1405
1782817046707 0.3028019070625305 1406
1782817046708 0.3826799988746643 1407
1782817046709 0.37302297353744507 1408
1782817046711 0.29268234968185425 1409
1782817046712 0.4560491442680359 1410
1782817046713 0.4098174273967743 1411
1782817046715 0.4839119017124176 1412
1782817046716 0.30929428339004517 1413
1782817046717 0.27426213026046753 1414
1782817046718 0.3358883261680603 1415
1782817046720 0.43288248777389526 1416
1782817046721 0.5676990151405334 1417
1782817046722 0.4922385513782501 1418
1782817046724 0.33281025290489197 1419
1782817046725 0.3744980990886688 1420
1782817046726 0.5850481390953064 1421
1782817046728 0.563645601272583 1422
1782817046729 0.3173622190952301 1423
1782817046730 0.23640736937522888 1424
1782817046732 0.6148464679718018 1425
1782817046733 0.7016909122467041 1426
1782817046734 0.5848388075828552 1427
1782817046735 0.2963770627975464 1428
1782817046737 0.33994731307029724 1429
1782817046738 0.41553258895874023 1430
1782817046739 0.25267332792282104 1431
1782817046741 0.37174829840660095 1432
1782817046742 0.5184130668640137 1433
1782817046743 0.22463670372962952 1434
1782817046745 0.49594756960868835 1435
1782817046746 0.7414642572402954 1436
1782817046747 0.5956658124923706 1437
1782817046749 0.3534137010574341 1438
1782817046750 0.19012120366096497 1439
1782817046751 0.2865746319293976 1440
1782817046753 0.20834890007972717 1441
1782817046754 0.39228036999702454 1442
1782817046755 0.14244268834590912 1443
1782817046756 0.390575110912323 1444
1782817046758 0.25359293818473816 1445
1782817046759 0.46628546714782715 1446
1782817046761 0.736171305179596 1447
1782817046762 0.22482554614543915 1448
1782817046763 0.4436112940311432 1449
1782817046765 0.5065968632698059 1450
1782817046766 0.39288827776908875 1451
1782817046768 0.4721652567386627 1452
1782817046769 0.13547219336032867 1453
1782817046771 0.8849782347679138 1454
1782817046772 0.6513959765434265 1455
1782817046773 0.25247815251350403 1456
1782817046775 0.32100212574005127 1457
1782817046776 0.9172548651695251 1458
1782817046778 0.6319106221199036 1459
1782817046779 0.5245598554611206 1460
1782817046781 0.592634916305542 1461
1782817046782 0.3095938563346863 1462
1782817046783 0.35162612795829773 1463
1782817046785 0.3735782504081726 1464
1782817046786 0.29723358154296875 1465
1782817046788 0.6299604773521423 1466
1782817046789 0.17676426470279694 1467
1782817046791 0.17355205118656158 1468
1782817046792 0.37068837881088257 1469
1782817046793 0.3378044366836548 1470
1782817046795 0.8930691480636597 1471
1782817046796 0.2779633700847626 1472
1782817046798 0.383379191160202 1473
1782817046799 0.4041534662246704 1474
1782817046801 0.37943100929260254 1475
1782817046802 0.208392933011055 1476
1782817046804 0.3663504719734192 1477
1782817046805 0.1538844108581543 1478
1782817046806 0.39262545108795166 1479
1782817046808 0.4085193872451782 1480
1782817046809 0.2017933577299118 1481
1782817046811 0.17680297791957855 1482
1782817046812 0.39611661434173584 1483
1782817046814 0.47371649742126465 1484
1782817046815 0.3741588294506073 1485
1782817046816 0.3447827100753784 1486
1782817046818 0.6137778759002686 1487
1782817046819 0.5238437056541443 1488
1782817046821 0.2317509651184082 1489
1782817046822 0.3877204656600952 1490
1782817046823 0.3255557715892792 1491
1782817046825 0.1857251524925232 1492
1782817046826 0.13729532063007355 1493
1782817046828 0.28610002994537354 1494
1782817046829 0.22457703948020935 1495
1782817046831 0.4093053340911865 1496
1782817046832 0.4375357925891876 1497
1782817046833 0.32166925072669983 1498
1782817046835 0.3817310333251953 1499
1782817046836 0.3211062550544739 1500
1782817046838 0.35934314131736755 1501
1782817046839 0.4154703915119171 1502
1782817046841 0.389773964881897 1503
1782817046842 0.43741685152053833 1504
1782817046843 0.4556041955947876 1505
1782817046845 0.2257279008626938 1506
1782817046846 0.5052691102027893 1507
1782817046848 0.7272692918777466 1508
1782817046849 0.18054337799549103 1509
1782817046851 0.37604010105133057 1510
1782817046852 0.3377712666988373 1511
1782817046853 0.3687979578971863 1512
1782817046855 0.7900095582008362 1513
1782817046856 0.3876633644104004 1514
1782817046858 0.344413161277771 1515
1782817046859 0.2367546707391739 1516
1782817046860 0.605725109577179 1517
1782817046862 0.3666938543319702 1518
1782817046863 0.29963281750679016 1519
1782817046864 0.32389840483665466 1520
1782817046866 0.27388301491737366 1521
1782817046867 0.6964202523231506 1522
1782817046869 0.2347216010093689 1523
1782817046870 0.25844284892082214 1524
1782817046872 0.15534546971321106 1525
1782817046873 0.4517552852630615 1526
1782817046875 0.2706676721572876 1527
1782817046876 0.3822828531265259 1528
1782817046878 0.1578865796327591 1529
1782817046879 0.24375122785568237 1530
1782817046881 0.6759560108184814 1531
1782817046882 0.278609961271286 1532
1782817046884 0.64559006690979 1533
1782817046885 0.20254479348659515 1534
1782817046887 0.2753084897994995 1535
1782817046888 0.14732185006141663 1536
1782817046890 0.5807996392250061 1537
1782817046891 0.2828301787376404 1538
1782817046893 0.44117414951324463 1539
1782817046894 0.5123506784439087 1540
1782817046896 0.4084732234477997 1541
1782817046897 0.4291313588619232 1542
1782817046898 0.2569564878940582 1543
1782817046900 0.4334184229373932 1544
1782817046901 0.23414477705955505 1545
1782817046903 0.12093521654605865 1546
1782817046904 0.2101287692785263 1547
1782817046906 0.3879880905151367 1548
1782817046907 0.5960481762886047 1549
1782817046908 0.29994943737983704 1550
1782817046910 0.2917381227016449 1551
1782817046911 0.1658666580915451 1552
1782817046913 0.31177496910095215 1553
1782817046914 0.2462882399559021 1554
1782817046916 0.7270078659057617 1555
1782817046917 0.13202215731143951 1556
1782817046918 0.42357248067855835 1557
1782817046920 0.3713957369327545 1558
1782817046921 0.15158867835998535 1559
1782817046923 0.14595358073711395 1560
1782817046924 0.36180877685546875 1561
1782817046925 0.3655182123184204 1562
1782817046927 0.864118218421936 1563
1782817046928 0.598820149898529 1564
1782817046930 0.35155490040779114 1565
1782817046931 0.22716134786605835 1566
1782817046933 0.8152563571929932 1567
1782817046934 0.37097087502479553 1568
1782817046935 0.3515159487724304 1569
1782817046937 0.5894355773925781 1570
1782817046938 0.23920001089572906 1571
1782817046940 0.3634505271911621 1572
1782817046941 0.4252743124961853 1573
1782817046942 0.3894157111644745 1574
1782817046944 0.4877850115299225 1575
1782817046945 0.37299907207489014 1576
1782817046947 0.37315449118614197 1577
1782817046948 0.35799190402030945 1578
1782817046950 0.6031622886657715 1579
1782817046951 0.42089423537254333 1580
1782817046952 0.3544482886791229 1581
1782817046954 0.39075136184692383 1582
1782817046955 0.22398051619529724 1583
1782817046957 0.29496029019355774 1584
1782817046958 0.25391772389411926 1585
1782817046959 0.29859459400177 1586
1782817046961 0.3014214038848877 1587
1782817046962 0.4746537208557129 1588
1782817046964 0.21493135392665863 1589
1782817046965 0.44706737995147705 1590
1782817046967 0.37139952182769775 1591
1782817046968 0.1387450098991394 1592
1782817046969 0.23581179976463318 1593
1782817046971 0.5708231329917908 1594
1782817046972 0.5419213771820068 1595
1782817046974 0.3540246784687042 1596
1782817046975 0.3269709646701813 1597
1782817046976 0.49485015869140625 1598
1782817046978 0.4394596815109253 1599
1782817046979 0.23289944231510162 1600
1782817046981 0.21805107593536377 1601
1782817046982 0.8314740061759949 1602
1782817046983 0.4535773992538452 1603
1782817046985 0.4664600193500519 1604
1782817046986 0.1387975811958313 1605
1782817046987 0.4772682189941406 1606
1782817046988 0.6915177702903748 1607
1782817046990 0.3073338568210602 1608
1782817046991 0.45905762910842896 1609
1782817046992 0.3317302465438843 1610
1782817046994 0.2908308506011963 1611
1782817046995 0.4583176374435425 1612
1782817046996 1.0270988941192627 1613
1782817046997 0.43071675300598145 1614
1782817046999 0.4203503131866455 1615
1782817047000 0.21233312785625458 1616
1782817047001 0.5737199187278748 1617
1782817047003 0.24029582738876343 1618
1782817047004 0.42759156227111816 1619
1782817047005 0.3683389127254486 1620
1782817047006 0.3331640064716339 1621
1782817047008 0.39457404613494873 1622
1782817047009 0.6079142093658447 1623
1782817047010 0.4376886188983917 1624
1782817047012 0.11848335713148117 1625
1782817047013 0.3022768199443817 1626
1782817047014 0.6085091829299927 1627
1782817047016 0.24349918961524963 1628
1782817047017 0.35815632343292236 1629
1782817047018 0.1431923508644104 1630
1782817047019 0.2626930773258209 1631
1782817047021 0.23636551201343536 1632
1782817047022 0.31800293922424316 1633
1782817047023 0.2824324667453766 1634
1782817047025 0.38929083943367004 1635
1782817047026 0.6408767104148865 1636
1782817047027 0.34984657168388367 1637
1782817047029 0.1497110277414322 1638
1782817047030 0.33280637860298157 1639
1782817047031 0.24388015270233154 1640
1782817047032 0.25032615661621094 1641
1782817047034 0.5231813192367554 1642
1782817047035 0.16939455270767212 1643
1782817047036 0.3409724533557892 1644
1782817047038 0.24726267158985138 1645
1782817047039 0.2589287757873535 1646
1782817047040 0.4421749711036682 1647
1782817047042 0.3735412359237671 1648
1782817047043 0.3256642520427704 1649
1782817047044 0.467504620552063 1650
1782817047046 0.4382812976837158 1651
1782817047047 0.29971927404403687 1652
1782817047048 0.3058190941810608 1653
1782817047049 0.3693080544471741 1654
1782817047051 0.3942984640598297 1655
1782817047052 0.37965157628059387 1656
1782817047053 0.12700572609901428 1657
1782817047055 0.5965463519096375 1658
1782817047056 0.6097784042358398 1659
1782817047057 0.4174591302871704 1660
1782817047059 0.1529597043991089 1661
1782817047060 0.29573675990104675 1662
1782817047061 0.18192701041698456 1663
1782817047062 0.38998639583587646 1664
1782817047064 0.23774860799312592 1665
1782817047065 0.3879295289516449 1666
1782817047066 0.7554773688316345 1667
1782817047068 0.4726950526237488 1668
1782817047069 0.5038437247276306 1669
1782817047070 0.7438783645629883 1670
1782817047071 0.4509492814540863 1671
1782817047073 0.1983039379119873 1672
1782817047074 0.5729958415031433 1673
1782817047075 0.18571439385414124 1674
1782817047076 0.45758089423179626 1675
1782817047078 0.42780211567878723 1676
1782817047079 0.3694918155670166 1677
1782817047080 0.5349238514900208 1678
1782817047082 0.4439883530139923 1679
1782817047083 0.14365844428539276 1680
1782817047084 0.2945214509963989 1681
1782817047085 0.27413210272789 1682
1782817047086 0.5734122395515442 1683
1782817047088 0.3475443124771118 1684
1782817047089 0.4258413314819336 1685
1782817047090 0.4395129084587097 1686
1782817047092 0.1551576405763626 1687
1782817047093 0.295413613319397 1688
1782817047095 0.30253154039382935 1689
1782817047096 0.31996503472328186 1690
1782817047097 0.43881911039352417 1691
1782817047099 0.3248990774154663 1692
1782817047100 0.6763495206832886 1693
1782817047102 0.2313651442527771 1694
1782817047103 0.30403926968574524 1695
1782817047104 0.3435437083244324 1696
1782817047106 0.2789018154144287 1697
1782817047107 0.22781631350517273 1698
1782817047109 0.3700787127017975 1699
1782817047110 0.36654701828956604 1700
1782817047111 0.2034793198108673 1701
1782817047113 0.641295850276947 1702
1782817047114 0.28720518946647644 1703
1782817047116 0.4076566696166992 1704
1782817047117 0.3048064410686493 1705
1782817047119 0.1786065250635147 1706
1782817047120 0.26433971524238586 1707
1782817047121 0.4863033592700958 1708
1782817047123 0.6459312438964844 1709
1782817047124 0.5949433445930481 1710
1782817047126 0.3619016706943512 1711
1782817047127 0.32704195380210876 1712
1782817047128 0.45073363184928894 1713
1782817047130 0.18169067800045013 1714
1782817047131 0.19949379563331604 1715
1782817047133 0.17668385803699493 1716
1782817047134 0.519128143787384 1717
1782817047135 0.24753010272979736 1718
1782817047137 0.3952062726020813 1719
1782817047138 0.3654096722602844 1720
1782817047140 0.1890038251876831 1721
1782817047141 0.31315597891807556 1722
1782817047143 0.1546342968940735 1723
1782817047144 0.27046626806259155 1724
1782817047145 0.2948193848133087 1725
1782817047147 0.23802995681762695 1726
1782817047148 0.27905938029289246 1727
1782817047150 0.2794570326805115 1728
1782817047151 0.7222970128059387 1729
1782817047152 0.3776223361492157 1730
1782817047154 0.33095142245292664 1731
1782817047155 0.5080653429031372 1732
1782817047157 0.24891208112239838 1733
1782817047158 0.436158150434494 1734
1782817047160 0.347389817237854 1735
1782817047161 0.469092458486557 1736
1782817047162 0.16560737788677216 1737
1782817047164 0.3005812168121338 1738
1782817047165 0.4744795262813568 1739
1782817047167 0.1351434886455536 1740
1782817047168 0.48874524235725403 1741
1782817047170 0.32821765542030334 1742
1782817047171 0.391653835773468 1743
1782817047172 0.2748100161552429 1744
1782817047174 0.2567090094089508 1745
1782817047175 0.3809293806552887 1746
1782817047177 0.5180893540382385 1747
1782817047178 0.3144551217556 1748
1782817047179 0.48002368211746216 1749
1782817047181 0.21519246697425842 1750
1782817047182 0.10954182595014572 1751
1782817047184 0.289921373128891 1752
1782817047185 0.2527892291545868 1753
1782817047186 0.6896612644195557 1754
1782817047187 0.37615931034088135 1755
1782817047189 0.29345548152923584 1756
1782817047190 0.3482056260108948 1757
1782817047191 0.3049372434616089 1758
1782817047192 0.5358088612556458 1759
1782817047194 0.5232297778129578 1760
1782817047195 0.220464825630188 1761
1782817047196 0.4874516725540161 1762
1782817047198 0.2177349179983139 1763
1782817047199 0.3185487687587738 1764
1782817047200 0.4391246438026428 1765
1782817047202 0.4585701823234558 1766
1782817047203 0.5600756406784058 1767
1782817047204 0.1618349701166153 1768
1782817047205 0.3220159113407135 1769
1782817047207 0.27696746587753296 1770
1782817047208 0.2482367902994156 1771
1782817047209 0.2004966139793396 1772
1782817047211 0.45300528407096863 1773
1782817047212 0.20462603867053986 1774
1782817047213 0.15736928582191467 1775
1782817047214 0.44454705715179443 1776
1782817047216 0.42413315176963806 1777
1782817047217 0.4037507176399231 1778
1782817047218 0.3014482855796814 1779
1782817047220 0.16424933075904846 1780
1782817047221 0.45132026076316833 1781
1782817047222 0.6553751826286316 1782
1782817047224 0.1878322809934616 1783
1782817047225 0.2737007141113281 1784
1782817047226 0.4514073133468628 1785
1782817047227 0.33205825090408325 1786
1782817047229 0.6160420179367065 1787
1782817047230 0.11167830973863602 1788
1782817047231 0.39531752467155457 1789
1782817047233 0.550503671169281 1790
1782817047234 0.2907794415950775 1791
1782817047235 0.38401108980178833 1792
1782817047236 0.18764755129814148 1793
1782817047238 0.38182151317596436 1794
1782817047239 0.1515142023563385 1795
1782817047241 0.3077595829963684 1796
1782817047242 0.4551011919975281 1797
1782817047244 0.291408896446228 1798
1782817047245 0.42097368836402893 1799
1782817047246 0.1479589194059372 1800
1782817047248 0.3211669921875 1801
1782817047249 0.12196055054664612 1802
1782817047250 0.31340622901916504 1803
1782817047251 0.2010163515806198 1804
1782817047253 0.16348491609096527 1805
1782817047254 0.3091844916343689 1806
1782817047255 0.1745576560497284 1807
1782817047256 0.20702522993087769 1808
1782817047258 0.2605082094669342 1809
1782817047259 0.330626904964447 1810
1782817047260 0.2038658708333969 1811
1782817047261 0.3149091303348541 1812
1782817047263 0.16909587383270264 1813
1782817047265 0.46936649084091187 1814
1782817047266 0.35096874833106995 1815
1782817047267 0.3006778061389923 1816
1782817047269 0.28978022933006287 1817
1782817047270 0.15725713968276978 1818
1782817047271 0.11142081022262573 1819
1782817047272 0.3043608069419861 1820
1782817047274 0.24314899742603302 1821
1782817047275 0.1978887915611267 1822
1782817047276 0.36474260687828064 1823
1782817047277 0.17089927196502686 1824
1782817047279 0.1437007188796997 1825
1782817047280 0.31105944514274597 1826
1782817047281 0.37038812041282654 1827
1782817047283 0.275881826877594 1828
1782817047284 0.21182788908481598 1829
1782817047285 0.4632773697376251 1830
1782817047287 0.4754721522331238 1831
1782817047288 0.4106714427471161 1832
1782817047290 0.2675788402557373 1833
1782817047291 0.6846932768821716 1834
1782817047293 0.24451562762260437 1835
1782817047294 0.3481004238128662 1836
1782817047296 0.5372107625007629 1837
1782817047297 0.27581289410591125 1838
1782817047298 0.26235759258270264 1839
1782817047300 0.45424628257751465 1840
1782817047301 0.2629430294036865 1841
1782817047303 0.40970051288604736 1842
1782817047304 0.30848807096481323 1843
1782817047305 0.32334616780281067 1844
1782817047307 0.3577343225479126 1845
1782817047308 0.6753252744674683 1846
1782817047310 0.3316987156867981 1847
1782817047311 0.4894017279148102 1848
1782817047313 0.3109368085861206 1849
1782817047314 0.13372263312339783 1850
1782817047315 0.30803918838500977 1851
1782817047317 0.572730541229248 1852
1782817047318 0.6276089549064636 1853
1782817047320 0.6005184054374695 1854
1782817047321 0.4140380024909973 1855
1782817047322 0.44851917028427124 1856
1782817047324 0.3702941834926605 1857
1782817047325 0.19305925071239471 1858
1782817047327 0.7512801885604858 1859
1782817047328 0.6318064332008362 1860
1782817047329 0.22509033977985382 1861
1782817047331 0.9387627243995667 1862
1782817047332 0.5650611519813538 1863
1782817047334 0.2190924733877182 1864
1782817047335 0.29122644662857056 1865
1782817047337 0.5224120616912842 1866
1782817047338 0.36020830273628235 1867
1782817047339 0.17625996470451355 1868
1782817047341 0.28326550126075745 1869
1782817047342 0.2402949035167694 1870
1782817047344 0.138626828789711 1871
1782817047345 0.39281731843948364 1872
1782817047346 0.7448474764823914 1873
1782817047348 0.1906162053346634 1874
