1782826910993 0.2799785792869795 0
1782826914087 0.1381794599759163 1
1782826917225 0.10735943289428812 2
1782826920370 0.08934539374186505 3
1782826923495 0.08056665597198404 4
1782826926659 0.06827669102984234 5
1782826929724 0.06347617024417175 6
1782826932877 0.05931471528827864 7
1782826936056 0.05547390551182037 8
1782826939245 0.05202432257260467 9
1782826942469 0.04672386959190784 10
1782826945731 0.04526063394317867 11
1782826949053 0.044027976668099246 12
1782826952338 0.0414886398638103 13
1782826955656 0.04038396932422231 14
1782826958983 0.038336706946579334 15
1782826962297 0.011241765891890292 16
1782826965555 0.006025650583767491 17
1782826968927 0.005042631698996074 18
1782826972260 0.004306685066865926 19
1782826975649 0.0036442328342368427 20
1782826979035 0.003054822612641225 21
1782826982345 0.002682030195307809 22
1782826985700 0.0024291741472330813 23
1782826989065 0.0021398075244815594 24
1782826992426 0.0017513859794524825 25
1782826995798 0.0017706657306058183 26
1782826999112 0.0014141156853423196 27
1782827002460 0.0013188613968069447 28
1782827005764 0.0012325069971339169 29
1782827009215 0.0010725137619104794 30
1782827012645 0.0006368393694300408 31
1782827016113 0.0005243764259717788 32
1782827019540 0.0004938551897334073 33
1782827022990 0.00047902565534810277 34
1782827026376 0.0004554877484232708 35
1782827029810 0.00045010061462472605 36
1782827033297 0.00043494683728014584 37
1782827036663 0.00042368477229083406 38
1782827040040 0.0004144579954507689 39
1782827043479 0.0004049625839408618 40
1782827046854 0.00039442260086951784 41
1782827050204 0.000365895416125299 42
1782827053586 0.0003615303843688222 43
1782827057318 0.00035972919454037815 44
1782827060683 0.00035860397797791586 45
1782827064122 0.00035676269291136544 46
1782827067608 0.0003558122801405915 47
1782827071003 0.00035483647544019966 48
1782827074468 0.00035383812402053547 49
1782827077906 0.000352757913203063 50
1782827081264 0.000351883395137917 51
1782827084701 0.00035137551706101436 52
1782827088146 0.00034707991753269324 53
1782827091522 0.0003469993978419539 54
1782827094961 0.000346893862149052 55
1782827098490 0.0003468073992105471 56
1782827102025 0.0003467122069155723 57
1782827105480 0.0003466078251516372 58
1782827109005 0.0003465291384007905 59
1782827112519 0.0003464083692009523 60
1782827116007 0.0003463047881133079 61
1782827119501 0.0003462200405997189 62
1782827122965 0.0003461270352003676 63
1782827126507 0.0003457302613425078 64
1782827130026 0.00034572709617511707 65
1782827133632 0.00034571878394742516 66
1782827137156 0.00034571337779732195 67
1782827140668 0.00034570898399040084 68
1782827144264 0.00034570416698134624 69
1782827147816 0.0003456992954831453 70
1782827151293 0.0003456931349239141 71
1782827154870 0.0003456865024000971 72
1782827158470 0.00034568252501614817 73
1782827161966 0.0003456776026485064 74
1782827165503 0.000345669576474982 75
1782827169083 0.0003456650489524294 76
1782827172589 0.00034565972023925545 77
1782827176202 0.0003456543314078034 78
1782827179753 0.000345649849308607 79
1782827183270 0.0003456444870369431 80
1782827186853 0.00034564095375038946 81
1782827190441 0.00034563337708454114 82
1782827193999 0.0003456289884832797 83
1782827197583 0.00034562408446564097 84
1782827201103 0.0003456173346550167 85
1782827204735 0.00034561444656150343 86
1782827208273 0.0003456065283002378 87
1782827211896 0.00034560049637083473 88
1782827215501 0.00034559931056074377 89
1782827219140 0.0003455905513533618 90
1782827222755 0.00034558617379817116 91
1782827226272 0.0003455814988723343 92
1782827229872 0.00034557536356488245 93
1782827233488 0.0003455693551556641 94
1782827237075 0.0003455655997259239 95
1782827240683 0.00034555988033447676 96
1782827244315 0.00034555399969941116 97
1782827247925 0.00034554912003505433 98
1782827251402 0.00034554487973092855 99
