1782991128388 0.9052499999998491 0
1782991136388 0.9520833333331747 1
1782991144332 0.9610166666665065 2
1782991152530 0.9668333333331722 3
1782991160284 0.9712666666665049 4
1782991167935 0.9741499999998376 5
1782991176261 0.9765666666665039 6
1782991184059 0.9774333333331705 7
1782991191618 0.9795833333331702 8
1782991199529 0.9805166666665033 9
1782991207202 0.9818333333331697 10
1782991214839 0.9820999999998363 11
1782991222536 0.9828499999998362 12
1782991230543 0.9822333333331696 13
1782991238327 0.9856666666665025 14
1782991245860 0.9846333333331693 15
1782991254008 0.9847666666665026 16
1782991262144 0.9867666666665023 17
1782991269888 0.9851499999998359 18
1782991277590 0.9861666666665023 19
1782991285091 0.9858666666665024 20
1782991292645 0.9856333333331692 21
1782991300155 0.9870333333331689 22
1782991307554 0.9865666666665023 23
1782991315663 0.9876499999998355 24
1782991325271 0.9868499999998356 25
1782991333617 0.9874499999998355 26
1782991342070 0.9873499999998355 27
1782991350152 0.9876166666665022 28
1782991357568 0.9879833333331687 29
1782991365410 0.9959833333331674 30
1782991372909 0.9983499999998336 31
1782991380486 0.9989499999998336 32
1782991388079 0.9991333333331669 33
1782991395714 0.9994833333331667 34
1782991403403 0.9994833333331667 35
1782991411371 0.9996333333331667 36
1782991419387 0.9998166666665 37
1782991427338 0.9998333333331667 38
1782991434593 0.9998333333331667 39
1782991442125 0.9997999999998334 40
1782991449908 0.9999333333331667 41
1782991457847 0.9999999999998334 42
1782991465057 0.9999999999998334 43
1782991472632 0.9999999999998334 44
1782991480136 0.9999999999998334 45
1782991487550 0.9999999999998334 46
1782991494971 0.9999999999998334 47
1782991502342 0.9999999999998334 48
1782991509718 0.9999999999998334 49
1782991516882 0.9999999999998334 50
1782991524258 0.9999999999998334 51
1782991531564 0.9999999999998334 52
1782991538824 0.9999999999998334 53
1782991545924 0.9999999999998334 54
1782991553201 0.9999999999998334 55
1782991560470 0.9999999999998334 56
1782991567839 0.9999999999998334 57
1782991575191 0.9999999999998334 58
1782991582742 0.9999999999998334 59
1782991590019 0.9999999999998334 60
1782991597274 0.9999999999998334 61
1782991604726 0.9999999999998334 62
1782991612150 0.9999999999998334 63
1782991619632 0.9999999999998334 64
1782991627024 0.9999999999998334 65
1782991634306 0.9999999999998334 66
1782991641616 0.9999999999998334 67
1782991649192 0.9999999999998334 68
1782991656743 0.9999999999998334 69
1782991664247 0.9999999999998334 70
1782991671546 0.9999999999998334 71
1782991679005 0.9999999999998334 72
1782991686534 0.9999999999998334 73
1782991693897 0.9999999999998334 74
1782991701282 0.9999999999998334 75
1782991708742 0.9999999999998334 76
1782991716139 0.9999999999998334 77
1782991723330 0.9999999999998334 78
1782991730689 0.9999999999998334 79
1782991737946 0.9999999999998334 80
1782991745353 0.9999999999998334 81
1782991752580 0.9999999999998334 82
1782991760033 0.9999999999998334 83
1782991767965 0.9999999999998334 84
1782991776212 0.9999999999998334 85
1782991784450 0.9999999999998334 86
1782991792926 0.9999999999998334 87
1782991801215 0.9999999999998334 88
1782991809419 0.9999999999998334 89
1782991817403 0.9999999999998334 90
1782991825647 0.9999999999998334 91
1782991833670 0.9999999999998334 92
1782991841845 0.9999999999998334 93
1782991849896 0.9999999999998334 94
1782991857761 0.9999999999998334 95
1782991865602 0.9999999999998334 96
1782991873508 0.9999999999998334 97
1782991881908 0.9999999999998334 98
1782991891093 0.9999999999998334 99
