1783099137604 1.119920765883647 0
1783099141234 1.3154760350908326 1
1783099144853 1.2367401802929456 2
1783099148434 1.132318637402235 3
1783099152238 0.791663332254374 4
1783099156472 0.6915531792587237 5
1783099160438 0.41739208824097496 6
1783099164480 0.024986686789051697 7
1783099168439 0.010746411403592015 8
1783099172299 1.958167453331742 9
1783099176385 0.025339019481565733 10
1783099180370 0.0019160133229439657 11
1783099184335 0.0009167429371557106 12
1783099188287 0.0005565660463545904 13
1783099192339 0.00030473373583868627 14
1783099196441 0.00017701823450007385 15
1783099200432 0.000116303787658072 16
1783099204339 6.619168099591308e-05 17
1783099208536 3.958125257756938e-05 18
1783099212900 2.2972891246193538e-05 19
1783099217123 1.5710442521902762e-05 20
1783099221342 1.0177046888646966e-05 21
1783099225559 6.344583430771798e-06 22
1783099229931 5.063561380668472e-06 23
1783099233686 3.82869261519003e-06 24
1783099237352 2.4152688173226677e-06 25
1783099240893 1.566936749267116e-06 26
1783099244425 8.449561189368497e-07 27
1783099248060 3.255220197712587e-07 28
1783099251693 1.549282259625262e-07 29
1783099255230 8.94015744029648e-08 30
1783099258722 6.098526315304749e-08 31
1783099262267 3.044456557046928e-08 32
1783099265914 1.6582420776901346e-08 33
1783099269841 9.82629344335408e-09 34
1783099274329 6.73689528168986e-09 35
1783099279006 4.676728542681598e-09 36
1783099283437 3.474408622295015e-09 37
1783099287567 2.4138274351912805e-09 38
1783099291514 1.7736249806926912e-09 39
1783099295572 1.3285545310781117e-09 40
1783099299501 1.0232244662139196e-09 41
1783099303354 7.595688745421747e-10 42
1783099307108 6.230163933711057e-10 43
1783099310798 4.729098852692142e-10 44
1783099314320 3.8528776269150744e-10 45
1783099318184 3.214950022878175e-10 46
1783099322025 2.890779271458532e-10 47
1783099325867 2.499654030720785e-10 48
1783099329761 2.2986767841976127e-10 49
1783099333625 2.252756937523571e-10 50
1783099337453 1.9329114754523722e-10 51
1783099341258 1.7801361082977736e-10 52
1783099345080 1.7646196207345174e-10 53
1783099348954 1.681189810840551e-10 54
1783099352972 1.7255695618296297e-10 55
1783099356853 1.4854552004425147e-10 56
1783099360757 1.4129764267953194e-10 57
1783099364658 1.41846873855081e-10 58
1783099368558 1.3837253348706405e-10 59
1783099372651 1.3154585566240434e-10 60
1783099376524 1.3229756296829703e-10 61
1783099380326 1.2533345428713366e-10 62
1783099384101 1.292303776057094e-10 63
1783099387891 1.1985476353224104e-10 64
1783099391664 1.308513679238683e-10 65
1783099395403 1.25053597912751e-10 66
1783099399307 1.2166995191456646e-10 67
1783099403155 1.2141540711767582e-10 68
1783099406841 1.1986467210889044e-10 69
1783099410753 1.1830105733555513e-10 70
1783099414591 1.214527377762949e-10 71
1783099418414 1.1911385419914888e-10 72
1783099422295 1.2266863326430502e-10 73
1783099425965 1.191215830036456e-10 74
1783099429705 1.1801786517957047e-10 75
1783099433534 1.1852566803156812e-10 76
1783099437324 1.2082032413388085e-10 77
1783099441016 1.21661040595175e-10 78
1783099444844 1.20994855740288e-10 79
1783099448934 1.195259065413943e-10 80
1783099453365 1.2375085131209033e-10 81
1783099457919 1.1909857510097677e-10 82
1783099462530 1.2343021616164487e-10 83
1783099466443 1.21359920841306e-10 84
1783099470295 1.2205389623055936e-10 85
1783099474136 1.2284996603090446e-10 86
1783099477934 1.243306997802917e-10 87
1783099481773 1.2445455762111109e-10 88
1783099485687 1.2423771542782516e-10 89
1783099489537 1.2228785186110955e-10 90
1783099493332 1.258541486167674e-10 91
1783099497080 1.2340668439331408e-10 92
1783099500901 1.245307899734476e-10 93
1783099504759 1.2537759963614018e-10 94
1783099508590 1.253218782598439e-10 95
1783099512468 1.2321540899894301e-10 96
1783099516401 1.2497953218791755e-10 97
1783099520174 1.2492307637515245e-10 98
1783099524061 1.24896251397685e-10 99
