1782812721894 0.9128666666665146 0
1782812726441 0.9563333333331739 1
1782812731002 0.9674499999998388 2
1782812735497 0.9716333333331715 3
1782812740116 0.9756666666665041 4
1782812744728 0.9778166666665038 5
1782812749399 0.9803499999998366 6
1782812754185 0.9816999999998365 7
1782812758777 0.9825833333331696 8
1782812763448 0.984399999999836 9
1782812768170 0.9843833333331693 10
1782812773067 0.9849333333331692 11
1782812777817 0.986433333333169 12
1782812782633 0.985983333333169 13
1782812787369 0.9868166666665023 14
1782812792226 0.987716666666502 15
1782812797040 0.988416666666502 16
1782812802072 0.9887666666665019 17
1782812806913 0.9890499999998352 18
1782812811807 0.9887999999998353 19
1782812816587 0.9967166666665006 20
1782812821269 0.9987499999998336 21
1782812825652 0.9992499999998335 22
1782812830007 0.9993333333331669 23
1782812834402 0.9994999999998334 24
1782812838875 0.9996666666665001 25
1782812843418 0.9996999999998334 26
1782812847806 0.9998333333331667 27
1782812852254 0.9998833333331667 28
1782812856740 0.9998833333331667 29
1782812861105 0.9998833333331667 30
1782812865556 0.9998166666665 31
1782812869992 0.9999166666665 32
1782812874677 0.9998833333331667 33
1782812879215 0.9999833333331667 34
1782812883959 0.9999833333331667 35
1782812888722 0.9999999999998334 36
1782812893123 0.9999999999998334 37
1782812897475 0.9999999999998334 38
1782812902034 0.9999999999998334 39
1782812906443 0.9999999999998334 40
1782812911411 0.9999999999998334 41
1782812916557 0.9999999999998334 42
1782812921424 0.9999999999998334 43
1782812926400 0.9999999999998334 44
1782812931582 0.9999999999998334 45
1782812936430 0.9999999999998334 46
