1783195766373 0.8793333333331869 0
1783195775939 0.9031166666665162 1
1783195786024 0.9073333333331821 2
1783195796472 0.9088499999998486 3
1783195806635 0.9095666666665151 4
1783195816538 0.9118666666665147 5
1783195827003 0.9125333333331813 6
1783195837184 0.914433333333181 7
1783195846863 0.9135166666665144 8
1783195856432 0.9154166666665141 9
1783195866168 0.9162333333331807 10
1783195876910 0.9157833333331807 11
1783195886984 0.9172333333331805 12
1783195897271 0.918399999999847 13
1783195907232 0.9171666666665138 14
1783195917475 0.9189499999998468 15
1783195927439 0.9192833333331801 16
1783195937773 0.9202499999998467 17
1783195948055 0.9188666666665136 18
1783195958941 0.9195999999998468 19
