1783100106558 0.921004533503422 0
1783100111037 0.9974990955814256 1
1783100115497 0.7238145188739844 2
1783100119958 0.27792055629445833 3
1783100124426 0.10687730424667938 4
1783100128881 0.04948918286880804 5
1783100133469 0.040495616321297084 6
1783100138179 0.07304641872162927 7
1783100142676 0.0017557718294360174 8
1783100146869 0.00015488404276090375 9
1783100151020 5.652426237137882e-05 10
1783100155317 2.8451710971624204e-05 11
1783100159560 1.6836551720197783e-05 12
1783100163680 1.1565702074906062e-05 13
1783100167784 1.0561795717497844e-05 14
1783100171943 2.635424731098837e-05 15
1783100175846 5.3476691247355967e-05 16
1783100179966 4.050688496166529e-05 17
1783100184237 1.895320915100773e-05 18
1783100188638 9.420678911055905e-06 19
1783100192970 4.910740184863531e-06 20
1783100197231 2.6243385329245674e-06 21
1783100201804 1.8632172716622297e-06 22
1783100206214 1.4346075580178598e-06 23
1783100210489 1.082604585828147e-06 24
1783100214700 5.070201735176226e-07 25
1783100218797 2.6527826136256366e-07 26
1783100222941 1.885853342889787e-07 27
1783100227108 1.357750149933776e-07 28
1783100231394 8.803408689114468e-08 29
