1782836644512 0.9146499999998476 0
1782836648465 0.9570333333331739 1
1782836652416 0.9653499999998392 2
1782836656406 0.9712499999998382 3
1782836660387 0.9744499999998376 4
1782836664311 0.9765333333331706 5
1782836668598 0.9786499999998369 6
1782836672839 0.9799999999998367 7
1782836676850 0.9814833333331698 8
1782836680816 0.9832833333331695 9
1782836685021 0.9839833333331693 10
1782836689123 0.9839333333331693 11
1782836693267 0.9852999999998359 12
1782836697533 0.985933333333169 13
1782836701726 0.985983333333169 14
1782836705927 0.9871666666665022 15
1782836710308 0.9861166666665023 16
1782836714818 0.988366666666502 17
1782836719375 0.9872333333331689 18
1782836724136 0.9883499999998353 19
1782836728790 0.9877999999998354 20
1782836733304 0.9899333333331684 21
1782836737425 0.9889833333331686 22
1782836742082 0.9888999999998352 23
1782836746105 0.9886999999998353 24
1782836750112 0.9882999999998353 25
1782836754420 0.9905833333331683 26
1782836759129 0.9893166666665019 27
1782836763400 0.990099999999835 28
1782836767700 0.9981666666665003 29
1782836771928 0.9992999999998335 30
1782836776212 0.9995499999998334 31
1782836780563 0.9998166666665 32
1782836784825 0.9997499999998334 33
1782836789406 0.9998666666665 34
1782836793530 0.9998666666665 35
1782836797725 0.9999333333331667 36
1782836801784 0.9998999999998334 37
1782836806170 0.9998333333331667 38
1782836810643 0.9999666666665 39
1782836815103 0.9999666666665 40
1782836819249 0.9999333333331667 41
1782836823310 0.9999999999998334 42
1782836827468 0.9999999999998334 43
1782836831866 0.9999999999998334 44
1782836836457 0.9999999999998334 45
1782836840872 0.9999999999998334 46
1782836845185 0.9999999999998334 47
1782836849625 0.9999999999998334 48
1782836854186 0.9999999999998334 49
1782836858591 0.9999999999998334 50
1782836863011 0.9999999999998334 51
1782836867518 0.9999999999998334 52
1782836871971 0.9999999999998334 53
1782836876377 0.9999999999998334 54
1782836880986 0.9999999999998334 55
1782836885325 0.9999999999998334 56
1782836889406 0.9999999999998334 57
1782836893535 0.9999999999998334 58
1782836897642 0.9999999999998334 59
1782836901819 0.9999999999998334 60
1782836905826 0.9999999999998334 61
1782836909984 0.9999999999998334 62
1782836914108 0.9999999999998334 63
1782836918280 0.9999999999998334 64
1782836922404 0.9999999999998334 65
1782836926807 0.9999999999998334 66
1782836931289 0.9999999999998334 67
1782836935618 0.9999999999998334 68
1782836940286 0.9999999999998334 69
1782836944507 0.9999999999998334 70
1782836948979 0.9999999999998334 71
1782836953281 0.9999999999998334 72
1782836957985 0.9999999999998334 73
1782836962252 0.9999999999998334 74
1782836966865 0.9999999999998334 75
1782836971395 0.9999999999998334 76
1782836975857 0.9999999999998334 77
1782836980392 0.9999999999998334 78
1782836985282 0.9999999999998334 79
1782836990163 0.9999999999998334 80
1782836994474 0.9999999999998334 81
1782836999334 0.9999999999998334 82
1782837003747 0.9999999999998334 83
1782837007925 0.9999999999998334 84
1782837012128 0.9999999999998334 85
1782837016359 0.9999999999998334 86
1782837020538 0.9999999999998334 87
1782837024652 0.9999999999998334 88
1782837028808 0.9999999999998334 89
1782837033051 0.9999999999998334 90
1782837037399 0.9999999999998334 91
1782837041747 0.9999999999998334 92
1782837046084 0.9999999999998334 93
1782837050357 0.9999999999998334 94
1782837054564 0.9999999999998334 95
1782837058744 0.9999999999998334 96
1782837062931 0.9999999999998334 97
1782837067139 0.9999999999998334 98
1782837071547 0.9999999999998334 99
