1782814604668 0.2982636940165348 0
1782814609261 0.15602688777934745 1
1782814615280 0.11948079807132711 2
1782814620434 0.10521423918468023 3
1782814625248 0.0902657108079795 4
1782814629552 0.08108534968276336 5
1782814633913 0.07675875424428961 6
1782814638722 0.06794582813171095 7
1782814642995 0.0667182421547974 8
1782814647223 0.0648017538767131 9
1782814651479 0.05778651767533769 10
1782814656051 0.058189578018856124 11
1782814660872 0.05355133857646394 12
1782814665525 0.05569803193913569 13
1782814669740 0.04949651265444932 14
1782814674005 0.04852746743107731 15
1782814678275 0.04713338336403786 16
1782814682617 0.04745359674030539 17
1782814686951 0.04592906038990768 18
1782814691819 0.04041247097104044 19
1782814696322 0.05277511116160724 20
1782814700779 0.04633832529299119 21
1782814705242 0.04152407848461198 22
1782814709816 0.04382652239865602 23
1782814714415 0.039589384225313835 24
1782814718971 0.04165462110717296 25
1782814723453 0.04085937594641534 26
1782814728013 0.01277234967256885 27
1782814732527 0.006058469161054493 28
1782814737073 0.004291806748573895 29
1782814741634 0.0031920955054661943 30
1782814746215 0.0022810018557921346 31
1782814750759 0.0019656828175996155 32
1782814755203 0.0012650149427219106 33
1782814759803 0.0012476562979615517 34
1782814764243 0.0009353610421131856 35
1782814768782 0.0006924589227652499 36
1782814773263 0.0006943228399808215 37
1782814777742 0.0007994389415114963 38
1782814782308 0.0002088722818730323 39
1782814786745 0.00015020186565144805 40
1782814791204 0.00012609525542351999 41
1782814795650 0.00011140797569423878 42
1782814800096 9.760900075567671e-05 43
1782814804630 8.743907353309873e-05 44
1782814809130 7.464997971472159e-05 45
1782814813598 0.0004679517910933103 46
1782814818154 6.309167313574065e-05 47
1782814822613 5.77196332724754e-05 48
1782814827096 5.396181402857889e-05 49
1782814831634 4.476265023449849e-05 50
1782814836172 4.406736164997149e-05 51
1782814840665 4.346459861485416e-05 52
1782814845183 4.274062347262251e-05 53
1782814849703 4.1985050071820515e-05 54
1782814854235 4.1176693347165096e-05 55
1782814858766 4.063526950506369e-05 56
1782814863356 3.9991376174559666e-05 57
1782814867989 3.928596292311903e-05 58
1782814872531 3.867738845050932e-05 59
1782814877013 3.820765219796062e-05 60
1782814881642 3.702337802604485e-05 61
1782814886819 3.6956558531084206e-05 62
1782814892938 3.6873781556338796e-05 63
1782814899125 3.679196499185409e-05 64
1782814904106 3.6730017638193365e-05 65
1782814909480 3.668908390012252e-05 66
1782814915284 3.660449721340869e-05 67
1782814920225 3.6556921654566285e-05 68
1782814924967 3.649420905332612e-05 69
1782814929722 3.642457806417402e-05 70
1782814934519 3.637046552470694e-05 71
1782814939336 3.626493879700528e-05 72
1782814944493 3.626050178172188e-05 73
1782814949271 3.625395294974506e-05 74
1782814954067 3.624786772237953e-05 75
1782814958786 3.624199778723207e-05 76
1782814963533 3.6236590052049664e-05 77
1782814968343 3.623063310359495e-05 78
1782814973037 3.6225608932693324e-05 79
1782814978053 3.621994519972735e-05 80
1782814982913 3.621495994141077e-05 81
1782814987822 3.620837769920351e-05 82
1782814992615 3.6203895103540224e-05 83
1782814997500 3.6198555036100876e-05 84
1782815002203 3.6192546634639085e-05 85
1782815006993 3.618888877705002e-05 86
1782815011737 3.618202429251346e-05 87
1782815016490 3.617820444948031e-05 88
1782815021369 3.6173900001400114e-05 89
1782815026111 3.616803107009097e-05 90
1782815030815 3.6165439824694e-05 91
1782815035643 3.615812422901802e-05 92
1782815040460 3.615318814583271e-05 93
1782815045273 3.614904766962397e-05 94
1782815050163 3.614247659993539e-05 95
1782815054896 3.61389551495027e-05 96
1782815059540 3.613340024483493e-05 97
1782815064339 3.6129212209030105e-05 98
1782815069054 3.61231107845529e-05 99
