1783195970978 0.8325499999998612 0
1783195983118 0.8237166666665294 1
1783195994428 0.8088999999998652 2
1783196005930 0.8205999999998632 3
1783196018045 0.8337833333331944 4
1783196030043 0.8390499999998602 5
1783196042330 0.8434333333331928 6
1783196055022 0.8457666666665258 7
1783196067267 0.8489166666665252 8
1783196079817 0.8488999999998585 9
1783196091936 0.8467999999998589 10
1783196104155 0.8507333333331916 11
1783196115759 0.8518999999998581 12
1783196128205 0.9133499999998478 13
1783196140245 0.9017499999998497 14
1783196152774 0.8903666666665183 15
1783196164961 0.8834333333331862 16
1783196177267 0.88031666666652 17
1783196189877 0.8793166666665202 18
1783196202113 0.878183333333187 19
