1783173692190 3.4510762880987724 0
1783173692925 2.166335153789553 1
1783173693667 1.9658159515887454 2
1783173694331 1.920522996339966 3
1783173695033 1.897059460648474 4
1783173695742 1.8864066685801135 5
1783173696468 1.8834690430875776 6
1783173697249 1.8732733667308845 7
1783173697997 1.8672582553695891 8
1783173698546 1.864161772923722 9
1783173699142 1.8662462011878027 10
1783173699847 1.8644935342992457 11
1783173700652 1.8622310458112 12
1783173701431 1.8589672656252099 13
1783173702119 1.8620683655083163 14
1783173702791 1.8603097468075693 15
1783173703473 1.8593131273446828 16
1783173704109 1.8560241824622166 17
1783173704843 1.8574239235195305 18
1783173705585 1.8560146937873152 19
1783173706333 1.856969572694288 20
1783173706975 1.859668793066855 21
1783173707654 1.853267830076272 22
1783173708334 1.8553932557609372 23
1783173709053 1.8573197903596552 24
1783173709777 1.854256937431187 25
1783173710320 1.8570520539862678 26
1783173711019 1.8586413080116297 27
1783173711684 1.8509890945157002 28
1783173712230 1.8525217452785652 29
1783173712910 1.8518371878561055 30
1783173713523 1.8568516881660453 31
1783173714222 1.8547069726878749 32
1783173714886 1.8500397617247868 33
1783173715603 1.8524211220631748 34
1783173716258 1.8504758091172582 35
1783173716927 1.8531815042847046 36
1783173717585 1.8490829802760074 37
1783173718288 1.8529473695491239 38
1783173719008 1.8514891486443683 39
1783173719684 1.8509009411688149 40
1783173720222 1.8520636633948333 41
1783173720931 1.8547196905886114 42
1783173721557 1.8513581424419887 43
1783173722242 1.8514905570444422 44
1783173722928 1.8501975957855044 45
1783173723527 1.808462642708416 46
1783173724199 1.789845055005105 47
1783173724727 1.784840367350152 48
1783173725379 1.7827773861831713 49
1783173726106 1.781420047101055 50
1783173726787 1.7815235601803514 51
1783173727387 1.780555277919227 52
1783173728065 1.7799390802947628 53
1783173728791 1.7798231963675806 54
1783173729521 1.7792374663302462 55
1783173730289 1.7796291063396332 56
1783173731010 1.7786813655695544 57
1783173731723 1.778493583058935 58
1783173732428 1.777754833477996 59
1783173733139 1.7787376410065048 60
1783173733814 1.778245504681939 61
1783173734333 1.7778751252647955 62
1783173735058 1.7780622252060956 63
1783173735637 1.7777719448178715 64
1783173736334 1.7777188255429979 65
1783173736924 1.7772544380646684 66
1783173737622 1.777385831697239 67
1783173738298 1.7766054078945877 68
1783173738971 1.7765903586831484 69
1783173739727 1.776809731655496 70
1783173740455 1.7766920615117012 71
1783173741038 1.7758240871381692 72
1783173741601 1.7763043361815645 73
1783173742301 1.7762307648226128 74
1783173743057 1.7758619495467118 75
1783173743879 1.7754746472172798 76
1783173744700 1.776099774002077 77
1783173745532 1.77540114411526 78
1783173746188 1.7751814740810536 79
1783173746923 1.7757505532724618 80
1783173747490 1.7749607830769645 81
1783173748114 1.7755317013600733 82
1783173748776 1.7748495156256563 83
1783173749484 1.7747701635775273 84
1783173750051 1.7749335158747124 85
1783173750662 1.7754304311458775 86
1783173751445 1.7753447888849947 87
1783173752216 1.774688059140721 88
1783173752787 1.7750177987651485 89
1783173753475 1.7746440170764268 90
1783173754206 1.7743836024606938 91
1783173754995 1.7751790552861144 92
1783173755749 1.7744008330098586 93
1783173756465 1.7741267746986644 94
1783173757203 1.7746123208645224 95
1783173757935 1.7742046885443972 96
1783173758687 1.7732735101746426 97
1783173759436 1.7742336871654434 98
1783173760218 1.7736702136947393 99
