1783175727372 3.491995434325616 0
1783175727765 2.1834596239913258 1
1783175728168 1.9753596982977992 2
1783175728485 1.9211537528795983 3
1783175728825 1.8951397959657486 4
1783175729348 1.8886269733228707 5
1783175729693 1.8800036867225303 6
1783175730028 1.8756181586583407 7
1783175730365 1.8713245198063522 8
1783175730702 1.8668825153798774 9
1783175731019 1.8659984900523277 10
1783175731347 1.8658432266822569 11
1783175731682 1.8618414064028737 12
1783175732009 1.8584709012163263 13
1783175732330 1.8631940934386022 14
1783175732654 1.858151041542452 15
1783175733008 1.8592459452191044 16
1783175733389 1.8558283965859892 17
1783175733713 1.8606404977882274 18
1783175734033 1.8567234045500203 19
1783175734363 1.8540238659655597 20
1783175734699 1.8539745411992816 21
1783175735070 1.8598177623787109 22
1783175735448 1.854550263424486 23
1783175735789 1.855899939464288 24
1783175736136 1.8564312254654507 25
1783175736486 1.8584052601592247 26
1783175736821 1.8564349459489227 27
1783175737315 1.8536494190120933 28
1783175737796 1.8532170315370837 29
1783175738277 1.854005784608159 30
1783175738900 1.8542385945824413 31
1783175739270 1.8523488745041563 32
1783175739616 1.8543702881609663 33
1783175739950 1.8510541385649888 34
1783175740374 1.8049287592678218 35
1783175740720 1.7891536584303407 36
1783175741251 1.783542551196761 37
1783175741677 1.782565077322594 38
1783175742028 1.7819334680519954 39
1783175742367 1.7806347530221067 40
1783175742723 1.7805981971089229 41
1783175743052 1.7801521111406338 42
1783175743413 1.7796713121963224 43
1783175743743 1.7795427593980306 44
1783175744295 1.7803734385685106 45
1783175744666 1.7792225940100108 46
1783175745010 1.779221404801211 47
1783175745347 1.7787514856273008 48
1783175745675 1.778466117815444 49
1783175746003 1.7783061956694286 50
1783175746391 1.7779826520439617 51
1783175746863 1.7779947066026838 52
1783175747427 1.7783155622509448 53
1783175747831 1.7777414503125146 54
1783175748299 1.7769268893916188 55
1783175748912 1.7771890383102418 56
1783175749307 1.778239661504021 57
1783175749638 1.7766403842846852 58
1783175750114 1.7766695261491519 59
1783175750766 1.7769654459058635 60
1783175751170 1.7764777155181843 61
1783175751497 1.777118702906682 62
1783175752013 1.7767798726125617 63
1783175752587 1.7760755495208038 64
1783175753124 1.7760092883831238 65
1783175753759 1.7758276518804725 66
1783175754284 1.776388359503386 67
1783175754697 1.7751805011794326 68
1783175755141 1.77536924505529 69
1783175755786 1.7756123522126392 70
1783175756210 1.7755229240954482 71
1783175756631 1.7752515287659638 72
1783175757115 1.7757525452212355 73
1783175757467 1.7754488682084164 74
1783175758032 1.775043348969085 75
1783175758658 1.7751179470661111 76
1783175759081 1.7747677515121445 77
1783175759681 1.774488970013535 78
1783175760240 1.7742685856849565 79
1783175760591 1.774588592447712 80
1783175761088 1.7745612069975358 81
1783175761541 1.7742925198339277 82
1783175761888 1.7742693932317566 83
1783175762282 1.7743707865007028 84
1783175762651 1.7746842886662566 85
1783175763022 1.7749160978593261 86
1783175763353 1.7747075690868657 87
1783175763678 1.7739879304854975 88
1783175764001 1.7738758795215204 89
1783175764328 1.7739982199776423 90
1783175764679 1.7735199571148295 91
1783175765006 1.77414190947161 92
1783175765333 1.7739466215825759 93
1783175765665 1.7735353908723641 94
1783175766007 1.7726412337165687 95
1783175766364 1.7727805989896945 96
1783175766708 1.7734351348984947 97
1783175767192 1.7731810143409763 98
1783175767838 1.7736516968388858 99
