1782814604669 0.9081666666665154 0
1782814609262 0.9530333333331745 1
1782814615281 0.9638499999998394 2
1782814620435 0.968383333333172 3
1782814625248 0.9726666666665046 4
1782814629553 0.9749166666665042 5
1782814633914 0.9765666666665039 6
1782814638723 0.9793333333331702 7
1782814642996 0.9793499999998369 8
1782814647224 0.9797166666665035 9
1782814651480 0.981816666666503 10
1782814656052 0.9825499999998363 11
1782814660873 0.9832499999998362 12
1782814665526 0.9835333333331695 13
1782814669741 0.9848333333331692 14
1782814674006 0.9848666666665026 15
1782814678276 0.9850666666665026 16
1782814682619 0.9857499999998357 17
1782814686952 0.9856499999998358 18
1782814691820 0.9877999999998354 19
1782814696323 0.9846999999998359 20
1782814700780 0.9859999999998357 21
1782814705243 0.987866666666502 22
1782814709818 0.9865833333331689 23
1782814714416 0.988266666666502 24
1782814718972 0.9872333333331689 25
1782814723454 0.988216666666502 26
1782814728014 0.995899999999834 27
1782814732528 0.9982499999998337 28
1782814737074 0.9985999999998336 29
1782814741635 0.9989999999998336 30
1782814746216 0.9993166666665002 31
1782814750760 0.9992833333331669 32
1782814755204 0.9996499999998334 33
1782814759804 0.9996999999998334 34
1782814764243 0.9997166666665 35
1782814768783 0.9998333333331667 36
1782814773264 0.9997999999998334 37
1782814777743 0.9997999999998334 38
1782814782308 0.9999499999998334 39
1782814786746 0.9999833333331667 40
1782814791205 0.9999833333331667 41
1782814795651 0.9999833333331667 42
1782814800097 0.9999833333331667 43
1782814804631 0.9999833333331667 44
1782814809130 0.9999833333331667 45
1782814813599 0.9999666666665 46
1782814818155 0.9999833333331667 47
1782814822614 0.9999833333331667 48
1782814827097 0.9999833333331667 49
1782814831635 0.9999833333331667 50
1782814836173 0.9999833333331667 51
1782814840666 0.9999833333331667 52
1782814845184 0.9999833333331667 53
1782814849704 0.9999833333331667 54
1782814854236 0.9999833333331667 55
1782814858767 0.9999833333331667 56
1782814863357 0.9999833333331667 57
1782814867990 0.9999833333331667 58
1782814872532 0.9999833333331667 59
1782814877014 0.9999833333331667 60
1782814881643 0.9999833333331667 61
1782814886821 0.9999833333331667 62
1782814892940 0.9999833333331667 63
1782814899126 0.9999833333331667 64
1782814904107 0.9999833333331667 65
1782814909481 0.9999833333331667 66
1782814915285 0.9999833333331667 67
1782814920226 0.9999833333331667 68
1782814924968 0.9999833333331667 69
1782814929723 0.9999833333331667 70
1782814934520 0.9999833333331667 71
1782814939337 0.9999833333331667 72
1782814944493 0.9999833333331667 73
1782814949272 0.9999833333331667 74
1782814954068 0.9999833333331667 75
1782814958787 0.9999833333331667 76
1782814963534 0.9999833333331667 77
1782814968344 0.9999833333331667 78
1782814973039 0.9999833333331667 79
1782814978054 0.9999833333331667 80
1782814982914 0.9999833333331667 81
1782814987822 0.9999999999998334 82
1782814992616 0.9999999999998334 83
1782814997501 0.9999999999998334 84
1782815002204 0.9999999999998334 85
1782815006994 0.9999999999998334 86
1782815011738 0.9999999999998334 87
1782815016491 0.9999999999998334 88
1782815021370 0.9999999999998334 89
1782815026112 0.9999999999998334 90
1782815030816 0.9999999999998334 91
1782815035644 0.9999999999998334 92
1782815040461 0.9999999999998334 93
1782815045274 0.9999999999998334 94
1782815050164 0.9999999999998334 95
1782815054897 0.9999999999998334 96
1782815059541 0.9999999999998334 97
1782815064340 0.9999999999998334 98
1782815069055 0.9999999999998334 99
