1782813808103 0.277753418292114 0
1782813811384 0.1382064306374719 1
1782813814663 0.10589964200263864 2
1782813817993 0.09178120986782735 3
1782813821273 0.07944542656262565 4
1782813824632 0.06946932300521885 5
1782813827994 0.0655747107951509 6
1782813831418 0.056731622025021466 7
1782813834775 0.05481672898679452 8
1782813838156 0.049496681170153795 9
1782813841536 0.04778983065655074 10
1782813844932 0.044769373005578025 11
1782813848319 0.042673167679886104 12
1782813851694 0.04081259907727327 13
1782813855075 0.037566729201264366 14
1782813858493 0.03728498955123265 15
1782813861907 0.03663755204008008 16
1782813865335 0.03747012733957285 17
1782813868810 0.009058416210751766 18
1782813872256 0.0053612658833374505 19
1782813875689 0.004659134032093679 20
1782813879175 0.003657957582239654 21
1782813882612 0.0030924606585237286 22
1782813886136 0.002800413617152158 23
1782813889554 0.002360156387377077 24
1782813893028 0.0019423734902833014 25
1782813896427 0.0018509666898681456 26
1782813899873 0.001615528692619949 27
1782813903410 0.0014002571385216065 28
1782813906857 0.0013400328851601827 29
1782813910353 0.0011115801740645551 30
1782813913974 0.0006839131979616979 31
1782813917486 0.0005916221062635008 32
1782813920959 0.0005521203992166912 33
1782813924366 0.0005378009868036737 34
1782813927873 0.0005191886049082211 35
1782813931359 0.0004974776184338675 36
1782813934835 0.0004881933981804989 37
1782813938273 0.00048005296623937434 38
1782813941684 0.00046400308309831636 39
1782813945147 0.0004519038348769679 40
1782813949004 0.00044199990982822306 41
1782813952540 0.00041448121809068605 42
1782813955999 0.00040903610542924427 43
1782813959472 0.00040608243025804045 44
1782813963025 0.0004040717278086933 45
1782813966597 0.0004030350125598973 46
1782813970126 0.00040158733148974696 47
1782813973685 0.0004004385557687648 48
1782813977228 0.0003995823007563886 49
1782813980805 0.00039808986283473944 50
1782813984419 0.00039715770728638536 51
1782813987941 0.00039629543415816695 52
1782813991530 0.00039173434013213066 53
1782813995049 0.000391575544718614 54
1782813998600 0.00039151147272545664 55
1782814002196 0.0003913664084685828 56
1782814005813 0.0003912844141289623 57
1782814009428 0.00039115368856706143 58
1782814013081 0.00039105977792475204 59
1782814016581 0.0003909743983861584 60
1782814020221 0.0003908723730624763 61
1782814023794 0.00039076259090874545 62
1782814027457 0.0003906964746123555 63
1782814031140 0.0003902154017374673 64
1782814034821 0.0003902078864311035 65
1782814038457 0.00039020310410853976 66
1782814042086 0.00039019541163313857 67
1782814045693 0.00039019263968647185 68
1782814049252 0.00039018289854879666 69
1782814052857 0.0003901796892237556 70
1782814056496 0.0003901728074449954 71
1782814060204 0.0003901684102954387 72
1782814063870 0.0003901609299003019 73
1782814067503 0.00039015478823680084 74
1782814071033 0.00039014988006787205 75
1782814074670 0.0003901429901786246 76
1782814078443 0.0003901377411500218 77
1782814082072 0.000390131750991376 78
1782814085776 0.00039012584685898426 79
1782814089434 0.00039011866750331955 80
1782814093140 0.00039011792688573135 81
1782814097135 0.000390110729389255 82
1782814100941 0.0003901039409673823 83
1782814104702 0.00039009596024253596 84
1782814108139 0.0003900927077368086 85
1782814111508 0.0003900847225725064 86
1782814114940 0.0003900802378308186 87
1782814118542 0.00039007532206876866 88
1782814124135 0.0003900690205470522 89
1782814131774 0.00039006123954657537 90
1782814138794 0.00039005741008860486 91
1782814142981 0.0003900531306691848 92
1782814147032 0.00039004611765462515 93
1782814151012 0.0003900424792487042 94
1782814154994 0.00039003295454220234 95
1782814159135 0.0003900287025556777 96
1782814163089 0.00039002300434784763 97
1782814167326 0.0003900203755817571 98
1782814171122 0.0003900104838807659 99
