1783195766371 0.41077283809164633 0
1783195775937 0.3342714334857518 1
1783195786022 0.3237063729904713 2
1783195796470 0.3156347375276739 3
1783195806632 0.312284106426759 4
1783195816537 0.3074535376055533 5
1783195827000 0.3052267838352535 6
1783195837182 0.3007567276362432 7
1783195846861 0.300295487542339 8
1783195856431 0.2964944828325592 9
1783195866167 0.2933890983655303 10
1783195876909 0.2919402563536492 11
1783195886982 0.2915304448887059 12
1783195897269 0.28696630523151095 13
1783195907231 0.2893944558545414 14
1783195917473 0.28659720379358666 15
1783195927437 0.2854016684646088 16
1783195937772 0.28356497380979623 17
1783195948054 0.28378636184978134 18
1783195958939 0.28355719122139383 19
