1782839262340 0.2654876096231984 0
1782839266451 0.1353925517718227 1
1782839270595 0.10323103543294175 2
1782839274851 0.0886197171229489 3
1782839279042 0.07551139110178616 4
1782839283179 0.0706153945089568 5
1782839287404 0.06218620042697501 6
1782839291662 0.0573205735243555 7
1782839295891 0.05517764862731435 8
1782839300053 0.04663196808366109 9
1782839304304 0.05017457354406037 10
1782839308457 0.04689244059144593 11
1782839312630 0.04490362993479953 12
1782839316765 0.011895345999649342 13
1782839320871 0.005136346133852701 14
1782839325789 0.0035919730713919033 15
1782839330123 0.0025513914395858942 16
1782839334351 0.001698600183859789 17
1782839338560 0.0012577912858790033 18
1782839342762 0.0009050462243106114 19
1782839346969 0.0008087609050544084 20
1782839351210 0.000522401746568479 21
1782839355489 0.00045514659498717717 22
1782839359675 0.00048112149589774023 23
1782839363944 0.0003444696011576824 24
1782839368097 0.0002887084041017819 25
1782839372315 0.0001029156660049972 26
1782839376608 7.8674095511174e-05 27
1782839380945 6.706958504392428e-05 28
1782839385223 5.922619282093532e-05 29
1782839389481 5.289299499408042e-05 30
1782839393734 4.798720756122656e-05 31
1782839397898 4.343949501954525e-05 32
1782839402261 3.94573954289335e-05 33
1782839406469 3.5787315265274026e-05 34
1782839410709 3.33258058420043e-05 35
1782839415040 2.7753270051637235e-05 36
1782839419276 2.7404140266176668e-05 37
1782839423637 2.704391113660154e-05 38
1782839427926 2.6705571476658973e-05 39
