1783099957220 0.5146494507789612 0
1783099961523 0.5077791213989258 1
1783099965822 0.7749133110046387 2
1783099970049 0.976720929145813 3
1783099974224 0.9822822213172913 4
1783099978559 0.941852331161499 5
1783099982944 0.9641808867454529 6
1783099987290 0.9661486148834229 7
1783099991177 0.987793505191803 8
1783099994872 0.9939717650413513 9
1783099998863 0.9919456839561462 10
1783100002861 0.9859675168991089 11
1783100006637 0.9776380658149719 12
1783100010494 0.9636973142623901 13
1783100014275 0.9735608696937561 14
1783100018191 0.9817652702331543 15
1783100022189 0.9683080911636353 16
1783100026240 0.962071418762207 17
1783100030209 0.9653148055076599 18
1783100034130 0.9559431672096252 19
