1782838939859 0.914233333333181 0
1782838943796 0.9564166666665073 1
1782838947737 0.9664499999998389 2
1782838951670 0.9715333333331715 3
1782838955563 0.9761333333331706 4
1782838959464 0.9774666666665038 5
1782838963436 0.9792166666665035 6
1782838967399 0.982166666666503 7
1782838971286 0.9830499999998362 8
1782838975244 0.9847333333331693 9
1782838979250 0.9843833333331693 10
1782838983174 0.9852666666665025 11
1782838987152 0.9866166666665023 12
1782838991051 0.9869666666665022 13
1782838994983 0.9877999999998354 14
1782838998919 0.9872999999998355 15
1782839002832 0.9888333333331686 16
1782839006772 0.988466666666502 17
1782839010733 0.9968166666665006 18
1782839014624 0.9988999999998336 19
1782839018645 0.9993333333331669 20
1782839022566 0.9996333333331667 21
1782839026555 0.9996999999998334 22
1782839030547 0.9997999999998334 23
1782839034529 0.9998666666665 24
1782839038504 0.9997999999998334 25
1782839042543 0.9999333333331667 26
1782839046553 0.9999666666665 27
1782839050497 0.9999999999998334 28
1782839054511 0.9999166666665 29
1782839058453 0.9999999999998334 30
1782839062437 0.9999999999998334 31
1782839066378 0.9999999999998334 32
1782839070382 0.9999999999998334 33
1782839074391 0.9999999999998334 34
1782839078411 0.9999999999998334 35
1782839082363 0.9999999999998334 36
1782839086359 0.9999999999998334 37
1782839090939 0.9999999999998334 38
1782839094924 0.9999999999998334 39
