1782839099293 0.9178666666665137 0
1782839103286 0.9590499999998402 1
1782839107426 0.9675166666665055 2
1782839111407 0.9730833333331712 3
1782839115442 0.9778166666665038 4
1782839119411 0.9795666666665035 5
1782839123462 0.982466666666503 6
1782839127476 0.9823333333331696 7
1782839131637 0.9841166666665027 8
1782839135690 0.9845166666665026 9
1782839139699 0.9851499999998359 10
1782839143725 0.986133333333169 11
1782839147894 0.9863166666665023 12
1782839151996 0.9888666666665019 13
1782839156083 0.987766666666502 14
1782839160093 0.9876999999998354 15
1782839164127 0.9890833333331686 16
1782839168159 0.9897666666665017 17
1782839172121 0.9890833333331686 18
1782839176198 0.9973166666665005 19
1782839180203 0.9994499999998335 20
1782839184260 0.9996666666665001 21
1782839188248 0.9998166666665 22
1782839192337 0.9999666666665 23
1782839196401 0.9999833333331667 24
1782839200419 0.9999499999998334 25
1782839204571 0.9999999999998334 26
1782839208563 0.9999833333331667 27
1782839212685 0.9999999999998334 28
1782839216800 0.9999499999998334 29
1782839220914 0.9999999999998334 30
1782839225001 0.9999999999998334 31
1782839229025 0.9999999999998334 32
1782839233130 0.9999999999998334 33
1782839237289 0.9999999999998334 34
1782839241465 0.9999999999998334 35
1782839245529 0.9999999999998334 36
1782839249646 0.9999999999998334 37
1782839253816 0.9999999999998334 38
1782839257831 0.9999999999998334 39
