1782838640816 0.9006666666665166 0
1782838644253 0.9561833333331741 1
1782838647779 0.9673333333331722 2
1782838651176 0.9707666666665049 3
1782838654648 0.9729666666665046 4
1782838658128 0.9771833333331705 5
1782838661672 0.9773666666665038 6
1782838665129 0.978299999999837 7
1782838668729 0.9797333333331701 8
1782838672334 0.9808166666665032 9
1782838675887 0.9808666666665032 10
1782838679386 0.981916666666503 11
1782838682866 0.9821333333331697 12
1782838686350 0.9819833333331697 13
1782838689965 0.9816666666665032 14
1782838693564 0.9811833333331699 15
1782838697156 0.9943333333331676 16
1782838700705 0.9966166666665006 17
1782838704379 0.9972499999998339 18
1782838708008 0.997933333333167 19
1782838711624 0.998483333333167 20
1782838715300 0.9987333333331669 21
1782838718877 0.9987999999998336 22
1782838722547 0.9992333333331669 23
1782838726231 0.9993833333331669 24
1782838729862 0.9994166666665002 25
1782838733570 0.9995499999998334 26
1782838737253 0.9994666666665001 27
1782838740974 0.9996833333331667 28
1782838744746 0.9999166666665 29
1782838748461 0.9999666666665 30
1782838752185 0.9999499999998334 31
1782838755915 0.9999499999998334 32
1782838759670 0.9999666666665 33
1782838763436 0.9999666666665 34
1782838767180 0.9999666666665 35
1782838770931 0.9999666666665 36
1782838774675 0.9999666666665 37
1782838778421 0.9999666666665 38
1782838782221 0.9999666666665 39
