1782820188691 130.8914794921875 0
1782820188694 117.73731231689453 1
1782820188696 63.66196060180664 2
1782820188698 83.04622650146484 3
1782820188700 67.23109436035156 4
1782820188702 81.39649200439453 5
1782820188704 77.7081298828125 6
1782820188706 55.17183303833008 7
1782820188708 43.27082824707031 8
1782820188710 33.211055755615234 9
1782820188711 38.41151428222656 10
1782820188713 30.613054275512695 11
1782820188715 30.968461990356445 12
1782820188716 20.980024337768555 13
1782820188718 27.714950561523438 14
1782820188720 27.66974449157715 15
1782820188722 27.503135681152344 16
1782820188724 13.778873443603516 17
1782820188725 17.99571418762207 18
1782820188727 10.344223022460938 19
1782820188728 16.007617950439453 20
1782820188730 12.747666358947754 21
1782820188731 11.825278282165527 22
1782820188733 8.94663143157959 23
1782820188735 7.084691524505615 24
1782820188736 6.190457820892334 25
1782820188738 5.207703113555908 26
1782820188739 7.023983001708984 27
1782820188741 6.306182861328125 28
1782820188744 3.4191231727600098 29
1782820188746 3.923720598220825 30
1782820188748 4.204260349273682 31
1782820188749 3.377675771713257 32
1782820188751 3.19856595993042 33
1782820188752 3.0882413387298584 34
1782820188754 2.6257920265197754 35
1782820188756 2.7207531929016113 36
1782820188757 2.8744208812713623 37
1782820188759 2.4426825046539307 38
1782820188760 2.300462245941162 39
1782820188762 2.4765067100524902 40
1782820188763 2.392426013946533 41
1782820188765 2.251811981201172 42
1782820188766 2.255460023880005 43
1782820188768 2.2873525619506836 44
1782820188770 2.3851921558380127 45
1782820188772 2.225221872329712 46
1782820188773 2.213043212890625 47
1782820188775 2.2648212909698486 48
1782820188777 2.2466657161712646 49
1782820188778 2.271505355834961 50
1782820188780 2.270368814468384 51
1782820188782 2.299955368041992 52
1782820188784 2.275813341140747 53
1782820188785 2.2802071571350098 54
1782820188787 2.303450107574463 55
1782820188788 2.293301820755005 56
1782820188790 2.2821478843688965 57
1782820188792 2.2897934913635254 58
1782820188794 2.2999155521392822 59
1782820188796 2.272071123123169 60
1782820188798 2.2854301929473877 61
1782820188799 2.2914953231811523 62
1782820188801 2.2867166996002197 63
1782820188803 2.276334285736084 64
1782820188805 2.299532651901245 65
1782820188807 2.2899880409240723 66
1782820188809 2.296332597732544 67
1782820188810 2.278284788131714 68
1782820188813 2.2929461002349854 69
1782820188815 2.289820671081543 70
1782820188817 2.2853665351867676 71
1782820188818 2.2715957164764404 72
1782820188820 2.294332265853882 73
1782820188822 2.2947804927825928 74
1782820188823 2.281930685043335 75
1782820188826 2.2745954990386963 76
1782820188827 2.27433443069458 77
1782820188829 2.2877330780029297 78
1782820188831 2.2833621501922607 79
1782820188833 2.2815301418304443 80
1782820188835 2.2595713138580322 81
1782820188837 2.271512508392334 82
1782820188839 2.2689619064331055 83
1782820188840 2.25160813331604 84
1782820188842 2.2777507305145264 85
1782820188843 2.2774765491485596 86
1782820188845 2.256760358810425 87
1782820188846 2.3077545166015625 88
1782820188848 2.2547364234924316 89
1782820188849 2.2879080772399902 90
1782820188851 2.2596435546875 91
1782820188853 2.3062989711761475 92
1782820188855 2.242614269256592 93
1782820188856 2.2651398181915283 94
1782820188857 2.264984130859375 95
1782820188859 2.2159671783447266 96
1782820188860 2.2791359424591064 97
1782820188861 2.299802780151367 98
1782820188863 2.2276408672332764 99
1782820188864 2.278688907623291 100
1782820188866 2.265540838241577 101
1782820188867 2.235267400741577 102
1782820188868 2.251800060272217 103
1782820188869 2.2937684059143066 104
1782820188871 2.2566537857055664 105
1782820188872 2.225135087966919 106
1782820188873 2.2532408237457275 107
1782820188875 2.2545883655548096 108
1782820188876 2.2161738872528076 109
1782820188877 2.221729278564453 110
1782820188879 2.2283713817596436 111
1782820188880 2.2518324851989746 112
1782820188881 2.2863056659698486 113
1782820188883 2.2469983100891113 114
1782820188884 2.260680913925171 115
1782820188885 2.214334487915039 116
1782820188887 2.258297920227051 117
1782820188888 2.1384570598602295 118
1782820188890 2.2535200119018555 119
1782820188892 2.2097487449645996 120
1782820188894 2.22406268119812 121
1782820188896 2.2259466648101807 122
1782820188898 2.2185962200164795 123
1782820188900 2.232365369796753 124
1782820188902 2.205174684524536 125
1782820188903 2.138556957244873 126
1782820188905 2.266547918319702 127
1782820188907 2.2072646617889404 128
1782820188909 2.290560007095337 129
1782820188910 2.1787173748016357 130
1782820188912 2.2197251319885254 131
1782820188913 2.263414144515991 132
1782820188915 2.1152331829071045 133
1782820188917 2.2193918228149414 134
1782820188919 2.2804861068725586 135
1782820188921 2.293952703475952 136
1782820188922 2.180299758911133 137
1782820188924 2.125332832336426 138
1782820188925 2.24419903755188 139
1782820188927 2.1404385566711426 140
1782820188928 2.116328001022339 141
1782820188930 2.122760772705078 142
1782820188932 2.2464277744293213 143
1782820188933 2.2445836067199707 144
1782820188935 2.2248191833496094 145
1782820188936 2.092890977859497 146
1782820188938 2.108830451965332 147
1782820188939 2.1148531436920166 148
1782820188941 2.1510565280914307 149
1782820188942 2.3126041889190674 150
1782820188944 2.0821704864501953 151
1782820188945 2.2708449363708496 152
1782820188947 2.0637738704681396 153
1782820188948 2.1958441734313965 154
1782820188949 2.22987961769104 155
1782820188951 2.1484739780426025 156
1782820188952 2.2454309463500977 157
1782820188954 2.080601453781128 158
1782820188955 2.2026565074920654 159
1782820188957 2.1261348724365234 160
1782820188958 2.194345474243164 161
1782820188959 2.1624412536621094 162
1782820188962 2.230905771255493 163
1782820188963 2.1708991527557373 164
1782820188965 2.209244966506958 165
1782820188967 2.20351243019104 166
1782820188969 2.185335397720337 167
1782820188971 2.1684532165527344 168
1782820188973 2.2702813148498535 169
1782820188974 2.210174560546875 170
1782820188976 2.271794080734253 171
1782820188978 2.1735198497772217 172
1782820188980 2.093001127243042 173
1782820188981 2.2168967723846436 174
1782820188983 2.1833949089050293 175
1782820188984 2.2221505641937256 176
1782820188985 2.2103090286254883 177
1782820188987 2.1366398334503174 178
1782820188989 2.1544547080993652 179
1782820188991 2.254518747329712 180
1782820188993 2.2440006732940674 181
1782820188994 2.199922561645508 182
1782820188996 2.18511962890625 183
1782820188997 2.1628472805023193 184
1782820188998 2.085785150527954 185
1782820189000 2.180933713912964 186
1782820189002 2.173952579498291 187
1782820189003 2.2623634338378906 188
1782820189004 2.1194186210632324 189
1782820189006 2.232905864715576 190
1782820189007 1.9640761613845825 191
1782820189009 2.1791670322418213 192
1782820189010 2.174250841140747 193
1782820189012 2.1545205116271973 194
1782820189013 2.0869688987731934 195
1782820189015 2.1478395462036133 196
1782820189016 2.1445112228393555 197
1782820189018 2.2113940715789795 198
1782820189019 2.1864709854125977 199
1782820189021 2.181072235107422 200
1782820189022 2.1665122509002686 201
1782820189024 1.932044506072998 202
1782820189025 2.225325584411621 203
1782820189027 2.129323720932007 204
1782820189028 2.089792013168335 205
1782820189030 2.122978448867798 206
1782820189031 2.0863187313079834 207
1782820189033 2.193730354309082 208
1782820189034 2.157393455505371 209
1782820189036 2.112069606781006 210
1782820189037 2.0258803367614746 211
1782820189038 2.1374804973602295 212
1782820189040 2.236825466156006 213
1782820189041 2.1346845626831055 214
1782820189043 2.147516965866089 215
1782820189044 2.142533540725708 216
1782820189045 2.1173837184906006 217
1782820189047 2.1119582653045654 218
1782820189048 2.190554141998291 219
1782820189049 2.1393868923187256 220
1782820189051 2.152939796447754 221
1782820189052 2.1548712253570557 222
1782820189054 2.306245803833008 223
1782820189055 2.158451557159424 224
1782820189057 1.9742803573608398 225
1782820189059 2.100802421569824 226
1782820189061 2.1199862957000732 227
1782820189063 2.090641498565674 228
1782820189069 2.151832103729248 229
1782820189072 2.1387131214141846 230
1782820189075 2.1631176471710205 231
1782820189077 2.0936508178710938 232
1782820189080 2.0020296573638916 233
1782820189081 2.128723621368408 234
1782820189083 2.0846054553985596 235
1782820189084 1.9949570894241333 236
1782820189086 2.1466798782348633 237
1782820189088 2.024216651916504 238
1782820189090 2.0213379859924316 239
1782820189092 2.1028881072998047 240
1782820189094 2.075335741043091 241
1782820189095 2.296653985977173 242
1782820189097 2.0716488361358643 243
1782820189098 2.1103463172912598 244
1782820189100 2.101158380508423 245
1782820189101 2.1220102310180664 246
1782820189103 2.153672933578491 247
1782820189105 2.0766077041625977 248
1782820189107 2.126002073287964 249
1782820189109 2.2213821411132812 250
1782820189110 1.9886125326156616 251
1782820189112 2.063976526260376 252
1782820189114 2.073896884918213 253
1782820189115 2.0293729305267334 254
1782820189117 2.088259696960449 255
1782820189119 2.2324841022491455 256
1782820189120 1.9486769437789917 257
1782820189122 2.08675217628479 258
1782820189123 2.063737392425537 259
1782820189125 2.0835835933685303 260
1782820189126 2.1224119663238525 261
1782820189128 2.0246706008911133 262
1782820189129 1.9853768348693848 263
1782820189130 2.0499086380004883 264
1782820189132 1.9587053060531616 265
1782820189134 2.1389636993408203 266
1782820189136 1.8896477222442627 267
1782820189138 1.9613938331604004 268
1782820189140 2.0044867992401123 269
1782820189143 2.0704894065856934 270
1782820189145 1.9294941425323486 271
1782820189147 2.0831594467163086 272
1782820189149 2.056776285171509 273
1782820189152 1.8957624435424805 274
1782820189154 2.1298792362213135 275
1782820189156 1.930415153503418 276
1782820189159 1.9793810844421387 277
1782820189160 2.1229121685028076 278
1782820189162 1.911800503730774 279
1782820189163 2.0211660861968994 280
1782820189165 2.1402862071990967 281
1782820189166 2.0469963550567627 282
1782820189167 2.0048937797546387 283
1782820189169 2.02339506149292 284
1782820189170 2.0691614151000977 285
1782820189172 2.042239189147949 286
1782820189174 2.0751099586486816 287
1782820189176 2.1106655597686768 288
1782820189177 2.1440794467926025 289
1782820189179 2.0491302013397217 290
1782820189180 2.153865337371826 291
1782820189182 2.087533473968506 292
1782820189183 1.9323855638504028 293
1782820189184 1.9010380506515503 294
1782820189186 2.0565176010131836 295
1782820189187 2.1175875663757324 296
1782820189188 2.135658025741577 297
1782820189190 1.9401224851608276 298
1782820189191 2.002753257751465 299
1782820189192 2.0590875148773193 300
1782820189194 2.162956953048706 301
1782820189195 2.096728801727295 302
1782820189196 1.9964888095855713 303
1782820189198 2.0154943466186523 304
1782820189199 2.0139100551605225 305
1782820189201 2.1269338130950928 306
1782820189202 1.9855492115020752 307
1782820189204 2.065154790878296 308
1782820189205 1.9632949829101562 309
1782820189206 1.9105805158615112 310
1782820189208 1.9899060726165771 311
1782820189209 1.8895989656448364 312
1782820189210 1.9861478805541992 313
1782820189212 2.2230610847473145 314
1782820189213 2.1086905002593994 315
1782820189215 1.8995411396026611 316
1782820189216 1.9724260568618774 317
1782820189218 1.9045308828353882 318
1782820189219 1.959723711013794 319
1782820189220 2.071525812149048 320
1782820189222 2.2499799728393555 321
1782820189223 2.154123067855835 322
1782820189225 2.0312516689300537 323
1782820189226 1.8999541997909546 324
1782820189228 1.9604941606521606 325
1782820189229 1.8653900623321533 326
1782820189231 1.8933067321777344 327
1782820189232 2.0063509941101074 328
1782820189234 1.7672343254089355 329
1782820189235 2.0716748237609863 330
1782820189237 1.975854754447937 331
1782820189239 2.0538973808288574 332
1782820189241 2.0364019870758057 333
1782820189242 2.0514698028564453 334
1782820189244 2.1171469688415527 335
1782820189246 2.0772705078125 336
1782820189248 1.924101710319519 337
1782820189250 2.030487537384033 338
1782820189252 2.0458474159240723 339
1782820189253 1.9612648487091064 340
1782820189256 2.021836996078491 341
1782820189258 1.9116754531860352 342
1782820189260 2.1072254180908203 343
1782820189262 2.2259769439697266 344
1782820189264 2.0227038860321045 345
1782820189266 1.946631669998169 346
1782820189268 2.0796937942504883 347
1782820189270 1.9690747261047363 348
1782820189272 1.7040661573410034 349
1782820189274 2.0413832664489746 350
1782820189276 2.0921380519866943 351
1782820189277 1.9495352506637573 352
1782820189279 2.053828716278076 353
1782820189281 2.1786248683929443 354
1782820189283 2.040090560913086 355
1782820189285 2.1315500736236572 356
1782820189287 1.8125414848327637 357
1782820189289 2.027000904083252 358
1782820189291 2.0867295265197754 359
1782820189293 2.146170139312744 360
1782820189294 2.0667483806610107 361
1782820189295 2.0957391262054443 362
1782820189297 2.0536141395568848 363
1782820189298 1.9835776090621948 364
1782820189299 2.109386682510376 365
1782820189301 2.0248124599456787 366
1782820189303 2.0408573150634766 367
1782820189304 1.9601659774780273 368
1782820189306 2.04683256149292 369
1782820189307 2.0128862857818604 370
1782820189308 2.109621286392212 371
1782820189309 1.986478328704834 372
1782820189311 2.039289712905884 373
1782820189312 2.0277884006500244 374
1782820189313 2.0119664669036865 375
1782820189315 2.0863945484161377 376
1782820189317 1.869354486465454 377
1782820189318 1.9840084314346313 378
1782820189320 1.8785076141357422 379
1782820189322 2.0208964347839355 380
1782820189323 1.8713514804840088 381
1782820189325 1.987982153892517 382
1782820189326 1.9857923984527588 383
1782820189328 1.979501724243164 384
1782820189330 1.984523892402649 385
1782820189332 2.0230398178100586 386
1782820189333 1.8436298370361328 387
1782820189335 1.9786847829818726 388
1782820189336 1.9981878995895386 389
1782820189338 1.860640525817871 390
1782820189340 1.9719637632369995 391
1782820189341 1.8686426877975464 392
1782820189343 1.9581049680709839 393
1782820189345 1.8990859985351562 394
1782820189346 1.960581660270691 395
1782820189348 1.9541274309158325 396
1782820189350 1.9651222229003906 397
1782820189351 2.114564895629883 398
1782820189353 1.9207745790481567 399
1782820189355 2.0242626667022705 400
1782820189356 1.830916404724121 401
1782820189358 2.0637400150299072 402
1782820189360 1.8931723833084106 403
1782820189361 1.8704617023468018 404
1782820189363 2.2296435832977295 405
1782820189364 1.8780637979507446 406
1782820189365 1.8544607162475586 407
1782820189366 1.9089701175689697 408
1782820189368 2.185365915298462 409
1782820189369 1.80648672580719 410
1782820189371 1.7863608598709106 411
1782820189372 1.7645305395126343 412
1782820189373 2.0841422080993652 413
1782820189374 2.057701349258423 414
1782820189376 1.7818446159362793 415
1782820189377 1.948254942893982 416
1782820189378 1.8295068740844727 417
1782820189380 1.7938815355300903 418
1782820189381 1.9394299983978271 419
1782820189382 1.8339048624038696 420
1782820189384 1.9750086069107056 421
1782820189385 1.8883012533187866 422
1782820189386 1.8141968250274658 423
1782820189388 1.7516816854476929 424
1782820189389 1.9239540100097656 425
1782820189390 1.8808553218841553 426
1782820189392 1.7804900407791138 427
1782820189393 1.8294087648391724 428
1782820189394 1.698864459991455 429
1782820189396 1.8314473628997803 430
1782820189397 1.5941781997680664 431
1782820189398 1.878554105758667 432
1782820189400 2.0442087650299072 433
1782820189401 1.8054866790771484 434
1782820189402 1.7237426042556763 435
1782820189404 1.817065715789795 436
1782820189405 1.7195425033569336 437
1782820189407 1.8126579523086548 438
1782820189408 1.725520372390747 439
1782820189409 1.8689475059509277 440
1782820189411 1.6830484867095947 441
1782820189412 1.960693597793579 442
1782820189414 1.807084321975708 443
1782820189415 1.8400547504425049 444
1782820189417 1.9572125673294067 445
1782820189418 1.783003568649292 446
1782820189419 1.8217706680297852 447
1782820189421 1.8136945962905884 448
1782820189422 1.9124184846878052 449
1782820189424 1.5917999744415283 450
1782820189425 1.609925627708435 451
1782820189426 1.645710825920105 452
1782820189428 1.818881869316101 453
1782820189429 1.6587176322937012 454
1782820189430 1.7206388711929321 455
1782820189432 1.7414872646331787 456
1782820189433 1.9792437553405762 457
1782820189435 1.8375725746154785 458
1782820189436 1.7091268301010132 459
1782820189437 1.8800466060638428 460
1782820189439 1.7054946422576904 461
1782820189440 1.8539098501205444 462
1782820189441 1.5671868324279785 463
1782820189443 1.5958023071289062 464
1782820189444 1.6473469734191895 465
1782820189445 1.6758311986923218 466
1782820189447 1.9042084217071533 467
1782820189448 1.7116948366165161 468
1782820189450 1.6255568265914917 469
1782820189451 1.5315845012664795 470
1782820189453 1.4215905666351318 471
1782820189454 1.5784865617752075 472
1782820189455 1.9096616506576538 473
1782820189457 1.8480173349380493 474
1782820189458 1.7820347547531128 475
1782820189461 1.7977043390274048 476
1782820189463 1.7948112487792969 477
1782820189465 1.5206923484802246 478
1782820189467 1.581175446510315 479
1782820189468 1.5105880498886108 480
1782820189471 1.717847228050232 481
1782820189474 1.5738104581832886 482
1782820189481 1.7888542413711548 483
1782820189483 1.6724640130996704 484
1782820189486 1.6550498008728027 485
1782820189488 1.5551823377609253 486
1782820189490 1.5617940425872803 487
1782820189492 1.7438262701034546 488
1782820189494 1.7441099882125854 489
1782820189496 1.813106656074524 490
1782820189497 1.5814450979232788 491
1782820189499 1.5272430181503296 492
1782820189502 1.451055884361267 493
1782820189504 1.5815964937210083 494
1782820189506 1.6236395835876465 495
1782820189508 1.7479170560836792 496
1782820189510 1.4083003997802734 497
1782820189511 1.8041930198669434 498
1782820189513 1.4903175830841064 499
1782820189514 1.467034935951233 500
1782820189516 1.528831958770752 501
1782820189518 1.4287776947021484 502
1782820189520 1.2863353490829468 503
1782820189522 1.4781402349472046 504
1782820189523 1.732750415802002 505
1782820189525 1.7838493585586548 506
1782820189526 1.6900140047073364 507
1782820189527 1.60630202293396 508
1782820189529 1.5406047105789185 509
1782820189530 1.4569487571716309 510
1782820189532 1.4333217144012451 511
1782820189533 1.420880913734436 512
1782820189534 1.5615990161895752 513
1782820189535 1.5813019275665283 514
1782820189537 1.4985181093215942 515
1782820189538 1.3983794450759888 516
1782820189539 1.3325053453445435 517
1782820189541 1.8428033590316772 518
1782820189542 1.584494709968567 519
1782820189544 1.23051118850708 520
1782820189545 1.5147738456726074 521
1782820189546 1.3789390325546265 522
1782820189548 1.576359510421753 523
1782820189550 1.649471402168274 524
1782820189552 1.2789236307144165 525
1782820189554 1.5695075988769531 526
1782820189556 1.419301152229309 527
1782820189558 1.7443734407424927 528
1782820189560 1.4853850603103638 529
1782820189562 1.605244755744934 530
1782820189564 1.4799394607543945 531
1782820189566 1.3746281862258911 532
1782820189568 1.3979166746139526 533
1782820189570 1.5254271030426025 534
1782820189572 1.4888852834701538 535
1782820189574 1.4060972929000854 536
1782820189575 1.205546498298645 537
1782820189576 1.465018630027771 538
1782820189578 1.4216688871383667 539
1782820189580 1.233612298965454 540
1782820189582 1.4794611930847168 541
1782820189584 1.593299150466919 542
1782820189585 1.2878940105438232 543
1782820189587 1.6456592082977295 544
1782820189588 1.3652114868164062 545
1782820189589 1.3534998893737793 546
1782820189591 1.4815489053726196 547
1782820189592 1.3187267780303955 548
1782820189593 1.4523614645004272 549
1782820189595 1.5443860292434692 550
1782820189596 1.783890724182129 551
1782820189597 1.4247535467147827 552
1782820189599 1.3156230449676514 553
1782820189600 1.139493465423584 554
1782820189601 1.2726951837539673 555
1782820189603 1.2699027061462402 556
1782820189604 1.2929887771606445 557
1782820189605 1.4345018863677979 558
1782820189607 1.6369191408157349 559
1782820189608 1.542290210723877 560
1782820189610 1.376945972442627 561
1782820189611 1.2567157745361328 562
1782820189613 1.4847705364227295 563
1782820189614 1.4874162673950195 564
1782820189615 1.3279622793197632 565
1782820189617 1.4330213069915771 566
1782820189618 1.6806410551071167 567
1782820189619 1.3221590518951416 568
1782820189621 1.404028058052063 569
1782820189622 1.1742336750030518 570
1782820189623 1.4804285764694214 571
1782820189625 1.6833860874176025 572
1782820189626 1.3421149253845215 573
1782820189628 1.4591988325119019 574
1782820189629 1.7287254333496094 575
1782820189630 1.31551194190979 576
1782820189631 1.4547628164291382 577
1782820189633 1.5722033977508545 578
1782820189634 1.6191188097000122 579
1782820189635 1.368746280670166 580
1782820189637 1.2987068891525269 581
1782820189638 1.3607224225997925 582
1782820189639 1.4592688083648682 583
1782820189641 1.0592811107635498 584
1782820189642 1.7396953105926514 585
1782820189643 1.3375107049942017 586
1782820189644 1.3913480043411255 587
1782820189646 1.2288514375686646 588
1782820189649 1.2684706449508667 589
1782820189651 1.4112628698349 590
1782820189654 1.4363526105880737 591
1782820189656 1.5112758874893188 592
1782820189658 1.5128533840179443 593
1782820189661 1.2696818113327026 594
1782820189663 1.4555485248565674 595
1782820189666 1.4846892356872559 596
1782820189668 1.3795822858810425 597
1782820189670 1.0823602676391602 598
1782820189671 1.1858365535736084 599
1782820189673 1.2483594417572021 600
1782820189675 1.5621943473815918 601
1782820189676 1.5208594799041748 602
1782820189678 1.439850926399231 603
1782820189680 1.2596954107284546 604
1782820189682 1.0821443796157837 605
1782820189683 1.1688604354858398 606
1782820189685 1.4617829322814941 607
1782820189686 1.3259221315383911 608
1782820189688 1.6215386390686035 609
1782820189689 1.4632755517959595 610
1782820189691 1.1972004175186157 611
1782820189692 1.2338560819625854 612
1782820189693 1.3343223333358765 613
1782820189695 1.0414032936096191 614
1782820189696 1.3960270881652832 615
1782820189697 1.8382185697555542 616
1782820189698 1.4034572839736938 617
1782820189700 1.5628925561904907 618
1782820189701 1.2997581958770752 619
1782820189703 1.162079095840454 620
1782820189704 1.3410236835479736 621
1782820189705 1.2411850690841675 622
1782820189706 1.462341070175171 623
1782820189708 1.2850799560546875 624
1782820189709 1.0571410655975342 625
1782820189710 1.414401650428772 626
1782820189712 1.5470077991485596 627
1782820189713 1.2511144876480103 628
1782820189715 1.0116404294967651 629
1782820189716 1.4261208772659302 630
1782820189718 1.3686025142669678 631
1782820189720 1.3203301429748535 632
1782820189722 1.1077017784118652 633
1782820189723 1.3514140844345093 634
1782820189725 1.437895655632019 635
1782820189726 1.3572614192962646 636
1782820189728 1.3228713274002075 637
1782820189729 1.3138326406478882 638
1782820189730 1.3377540111541748 639
1782820189732 1.4163818359375 640
1782820189733 1.4228087663650513 641
1782820189734 1.2870292663574219 642
1782820189735 1.1926865577697754 643
1782820189737 1.1638966798782349 644
1782820189738 1.2155877351760864 645
1782820189739 1.1511549949645996 646
1782820189741 1.4783021211624146 647
1782820189742 1.4146431684494019 648
1782820189744 1.1917082071304321 649
1782820189745 1.0939809083938599 650
1782820189746 1.0247448682785034 651
1782820189747 1.0238463878631592 652
1782820189749 1.3016544580459595 653
1782820189750 1.0644173622131348 654
1782820189751 1.2886329889297485 655
1782820189752 1.0891672372817993 656
1782820189754 0.9173935651779175 657
1782820189755 1.0685181617736816 658
1782820189756 0.8749659061431885 659
1782820189758 1.2090893983840942 660
1782820189759 1.0505636930465698 661
1782820189761 1.1547551155090332 662
1782820189762 1.3936879634857178 663
1782820189763 1.048491358757019 664
1782820189765 1.3196640014648438 665
1782820189766 1.2298632860183716 666
1782820189767 0.970249593257904 667
1782820189769 1.1695953607559204 668
1782820189770 1.1489566564559937 669
1782820189772 1.0270212888717651 670
1782820189774 1.1459146738052368 671
1782820189777 1.2157407999038696 672
1782820189779 1.3810791969299316 673
1782820189781 1.1020103693008423 674
1782820189783 1.3200422525405884 675
1782820189785 1.20237135887146 676
1782820189787 1.1332361698150635 677
1782820189789 1.1879171133041382 678
1782820189792 1.3545501232147217 679
1782820189794 1.1760653257369995 680
1782820189795 1.1998201608657837 681
1782820189797 1.2293182611465454 682
1782820189799 1.3881663084030151 683
1782820189800 1.3894400596618652 684
1782820189802 1.2403018474578857 685
1782820189804 1.2554817199707031 686
1782820189806 1.0697988271713257 687
1782820189807 1.2831027507781982 688
1782820189809 1.0436559915542603 689
1782820189810 1.2250345945358276 690
1782820189812 1.08440363407135 691
1782820189813 1.1793687343597412 692
1782820189815 1.476970911026001 693
1782820189816 1.1792281866073608 694
1782820189817 0.9797643423080444 695
1782820189819 1.3277019262313843 696
1782820189820 1.199607014656067 697
1782820189822 0.9584571123123169 698
1782820189823 1.2589794397354126 699
1782820189824 1.3057719469070435 700
1782820189826 1.4066728353500366 701
1782820189827 1.0213383436203003 702
1782820189829 1.002053141593933 703
1782820189830 0.9638623595237732 704
1782820189831 1.0371575355529785 705
1782820189833 1.137866735458374 706
1782820189834 1.0699690580368042 707
1782820189836 1.3645199537277222 708
1782820189837 1.0353991985321045 709
1782820189838 1.1282275915145874 710
1782820189840 1.2504781484603882 711
1782820189841 1.0134563446044922 712
1782820189842 1.3409216403961182 713
1782820189844 1.245804786682129 714
1782820189845 1.2107999324798584 715
1782820189847 0.8522891402244568 716
1782820189848 1.0798338651657104 717
1782820189850 0.9964441657066345 718
1782820189851 1.2257839441299438 719
1782820189853 0.925511360168457 720
1782820189855 1.297649621963501 721
1782820189856 0.9556623697280884 722
1782820189858 0.871452808380127 723
1782820189859 1.080836534500122 724
1782820189861 0.8960208296775818 725
1782820189863 1.323837161064148 726
1782820189865 1.2895607948303223 727
1782820189866 1.179410696029663 728
1782820189868 0.9764336943626404 729
1782820189870 1.0532848834991455 730
1782820189871 0.9074330925941467 731
1782820189873 1.1938565969467163 732
1782820189875 1.04501211643219 733
1782820189876 1.0195444822311401 734
1782820189878 1.1494821310043335 735
1782820189880 1.0426969528198242 736
1782820189881 1.1362857818603516 737
1782820189883 0.6407372951507568 738
1782820189885 1.2166320085525513 739
1782820189886 1.1029345989227295 740
1782820189888 1.0521044731140137 741
1782820189890 1.1510623693466187 742
1782820189891 0.869193434715271 743
1782820189893 1.0111656188964844 744
1782820189894 0.743215024471283 745
1782820189896 0.9692733883857727 746
1782820189897 0.7866654992103577 747
1782820189899 0.9782469272613525 748
1782820189901 0.8420128226280212 749
1782820189903 0.8189103007316589 750
1782820189904 1.0106418132781982 751
1782820189906 1.0280314683914185 752
1782820189907 1.0735148191452026 753
1782820189909 0.9394491314888 754
1782820189911 0.8287763595581055 755
1782820189912 0.8148781657218933 756
1782820189914 0.7929222583770752 757
1782820189916 0.823767900466919 758
1782820189918 0.5678561925888062 759
1782820189920 0.809273362159729 760
1782820189921 0.8622062802314758 761
1782820189922 1.36281418800354 762
1782820189923 0.682292103767395 763
1782820189925 0.823704719543457 764
1782820189926 0.6348364949226379 765
1782820189927 0.6720890402793884 766
1782820189929 0.5941565036773682 767
1782820189930 0.8256057500839233 768
1782820189931 0.9435956478118896 769
1782820189933 0.9955604076385498 770
1782820189934 0.841571569442749 771
1782820189936 0.6367273926734924 772
1782820189937 0.834200918674469 773
1782820189939 0.8474173545837402 774
1782820189941 0.6430220603942871 775
1782820189943 1.1069563627243042 776
1782820189945 0.7227562069892883 777
1782820189947 0.5489216446876526 778
1782820189948 0.8941605687141418 779
1782820189950 0.5615776777267456 780
1782820189951 0.6499528884887695 781
1782820189953 0.6972247362136841 782
1782820189955 0.6363388299942017 783
1782820189956 0.8508527874946594 784
1782820189958 0.5498826503753662 785
1782820189960 0.7047688961029053 786
1782820189961 0.8260531425476074 787
1782820189963 0.6700653433799744 788
1782820189965 0.6889345645904541 789
1782820189966 0.5642856955528259 790
1782820189968 0.6110337376594543 791
1782820189970 0.6928942203521729 792
1782820189973 1.1099296808242798 793
1782820189974 0.760297417640686 794
1782820189976 0.7686665654182434 795
1782820189978 0.5369683504104614 796
1782820189979 0.7794486880302429 797
1782820189980 0.4147263765335083 798
1782820189982 0.7609228491783142 799
1782820189983 0.5844133496284485 800
1782820189985 0.49122506380081177 801
1782820189986 0.6365771889686584 802
1782820189988 0.6784170866012573 803
1782820189989 0.6662612557411194 804
1782820189991 0.44600093364715576 805
1782820189992 0.7135391235351562 806
1782820189993 0.4410211443901062 807
1782820189995 0.6230310201644897 808
1782820189996 0.5185040831565857 809
1782820189998 0.5104029178619385 810
1782820189999 0.9486704468727112 811
1782820190000 0.728575587272644 812
1782820190002 0.7029408812522888 813
1782820190003 0.8574985265731812 814
1782820190005 0.7890065312385559 815
1782820190006 0.6455216407775879 816
1782820190008 0.4840537905693054 817
1782820190009 0.7078343033790588 818
1782820190011 0.6753960847854614 819
1782820190012 0.569654643535614 820
1782820190013 1.331770658493042 821
1782820190015 0.7729414105415344 822
1782820190017 0.5322459936141968 823
1782820190018 0.5472942590713501 824
1782820190019 0.7276273965835571 825
1782820190021 0.8783531188964844 826
1782820190022 0.5487825870513916 827
1782820190023 0.6068633198738098 828
1782820190025 0.5504260659217834 829
1782820190026 0.7217285633087158 830
1782820190028 0.6217470169067383 831
1782820190029 0.8719666004180908 832
1782820190030 0.6449406743049622 833
1782820190032 0.4160047769546509 834
1782820190034 0.5929223299026489 835
1782820190035 0.5324499011039734 836
1782820190037 0.5224440693855286 837
1782820190039 0.5541008710861206 838
1782820190040 0.5642927289009094 839
1782820190042 0.5225854516029358 840
1782820190043 0.7358511090278625 841
1782820190045 0.7023260593414307 842
1782820190047 0.7307789921760559 843
1782820190049 0.774651288986206 844
1782820190050 0.46080443263053894 845
1782820190052 0.5424303412437439 846
1782820190053 0.6123180389404297 847
1782820190055 0.6206457018852234 848
1782820190056 0.5646712779998779 849
1782820190059 0.4785687029361725 850
1782820190061 0.6328848600387573 851
1782820190063 0.7327836155891418 852
1782820190065 0.4871070981025696 853
1782820190067 0.7512089610099792 854
1782820190068 0.6231493949890137 855
1782820190069 0.5771951079368591 856
1782820190071 0.7330945134162903 857
1782820190072 0.6371991634368896 858
1782820190074 0.591575026512146 859
1782820190075 0.5476193428039551 860
1782820190077 0.4658569097518921 861
1782820190078 0.428673654794693 862
1782820190080 0.581562340259552 863
1782820190081 0.4747229814529419 864
1782820190082 0.43198952078819275 865
1782820190084 0.6620263457298279 866
1782820190085 0.4778079390525818 867
1782820190086 0.5324486494064331 868
1782820190088 0.5515943765640259 869
1782820190089 0.5901533365249634 870
1782820190091 0.931816577911377 871
1782820190092 0.6170485019683838 872
1782820190094 0.5099525451660156 873
1782820190095 0.6139883399009705 874
1782820190097 0.737794041633606 875
1782820190099 0.7386415600776672 876
1782820190101 0.7166356444358826 877
1782820190103 0.9246829748153687 878
1782820190105 0.7514892816543579 879
1782820190107 0.648037314414978 880
1782820190109 0.6633599400520325 881
1782820190111 0.6421462297439575 882
1782820190113 0.6179404854774475 883
1782820190116 0.8181309700012207 884
1782820190118 0.5881491303443909 885
1782820190120 0.6846930980682373 886
1782820190122 0.46297675371170044 887
1782820190123 0.8744367361068726 888
1782820190125 0.4725470244884491 889
1782820190127 0.4103623330593109 890
1782820190129 0.5925576686859131 891
1782820190131 0.3975270390510559 892
1782820190132 0.42838093638420105 893
1782820190134 0.6527612209320068 894
1782820190135 0.42058685421943665 895
1782820190137 0.4717819094657898 896
1782820190138 0.43875083327293396 897
1782820190139 0.3795687258243561 898
1782820190141 0.5404126048088074 899
1782820190142 0.5350850224494934 900
1782820190143 0.34228047728538513 901
1782820190145 0.5015057325363159 902
1782820190146 0.5226011276245117 903
1782820190148 0.5298362970352173 904
1782820190149 0.4408569931983948 905
1782820190150 0.41172894835472107 906
1782820190152 0.3983364403247833 907
1782820190153 0.5735256671905518 908
1782820190154 0.316456139087677 909
1782820190156 0.5904910564422607 910
1782820190157 0.458052396774292 911
1782820190159 0.4319942593574524 912
1782820190160 0.5926417112350464 913
1782820190161 0.6632823944091797 914
1782820190163 0.75688636302948 915
1782820190164 0.6528001427650452 916
1782820190165 0.4062804579734802 917
1782820190167 0.3404649794101715 918
1782820190168 0.6273733973503113 919
1782820190169 0.37573134899139404 920
1782820190171 0.4895927608013153 921
1782820190172 0.5118739008903503 922
1782820190174 0.3949223458766937 923
1782820190175 0.5190585851669312 924
1782820190176 0.5976775884628296 925
1782820190178 0.34815290570259094 926
1782820190179 0.5950376391410828 927
1782820190180 0.48527929186820984 928
1782820190182 0.6096761226654053 929
1782820190183 0.43322867155075073 930
1782820190184 0.6211183071136475 931
1782820190186 0.7650867104530334 932
1782820190187 0.5724263787269592 933
1782820190188 0.7004620432853699 934
1782820190190 0.2886814773082733 935
1782820190191 0.35283568501472473 936
1782820190192 0.8259096741676331 937
1782820190194 0.7976802587509155 938
1782820190195 0.37625470757484436 939
1782820190196 0.5433011651039124 940
1782820190198 0.5506370663642883 941
1782820190199 0.4696592092514038 942
1782820190201 0.5167956948280334 943
1782820190202 0.574638307094574 944
1782820190204 0.26324230432510376 945
1782820190206 0.2922007143497467 946
1782820190207 0.4607781767845154 947
1782820190209 0.6492191553115845 948
1782820190211 0.5609683394432068 949
1782820190213 0.7001907229423523 950
1782820190215 0.7885655164718628 951
1782820190217 0.4304594397544861 952
1782820190219 0.5374767184257507 953
1782820190221 0.5765866637229919 954
1782820190223 0.5866177082061768 955
1782820190224 0.5970991253852844 956
1782820190226 0.36498555541038513 957
1782820190228 0.45485907793045044 958
1782820190229 0.757316529750824 959
1782820190231 0.48307672142982483 960
1782820190232 0.5311366319656372 961
1782820190234 0.5028001666069031 962
1782820190236 0.48855075240135193 963
1782820190238 0.7576944231987 964
1782820190240 0.7552884817123413 965
1782820190241 0.6669532656669617 966
1782820190243 0.454723984003067 967
1782820190244 0.4128715395927429 968
1782820190246 0.791650652885437 969
1782820190247 0.3912392854690552 970
1782820190249 0.6623983383178711 971
1782820190250 0.4155060052871704 972
1782820190251 0.5428997874259949 973
1782820190253 0.4591772258281708 974
1782820190254 0.39834243059158325 975
1782820190256 0.313446044921875 976
1782820190257 0.4189261198043823 977
1782820190258 0.42214009165763855 978
1782820190260 0.6649354100227356 979
1782820190261 0.6828802824020386 980
1782820190263 0.47412657737731934 981
1782820190264 0.6919065713882446 982
1782820190265 0.4994274973869324 983
1782820190267 0.46222344040870667 984
1782820190268 0.7639935612678528 985
1782820190269 0.2823946475982666 986
1782820190271 0.5178705453872681 987
1782820190272 0.391647070646286 988
1782820190274 0.43671172857284546 989
1782820190275 0.38466110825538635 990
1782820190277 0.45878124237060547 991
1782820190278 0.6815345883369446 992
1782820190279 0.4664362370967865 993
1782820190281 0.2596586048603058 994
1782820190282 0.46296969056129456 995
1782820190284 0.4344148337841034 996
1782820190285 0.8950665593147278 997
1782820190286 0.5901282429695129 998
1782820190288 0.33474767208099365 999
1782820190290 0.9231616854667664 1000
1782820190291 0.5096816420555115 1001
1782820190293 0.45363539457321167 1002
1782820190294 0.6811732053756714 1003
1782820190296 1.0104204416275024 1004
1782820190297 0.28357750177383423 1005
1782820190298 0.5956555008888245 1006
1782820190300 0.22336313128471375 1007
1782820190301 0.2796156406402588 1008
1782820190303 0.26723480224609375 1009
1782820190304 0.44774144887924194 1010
1782820190306 0.3188888728618622 1011
1782820190307 0.3240887224674225 1012
1782820190308 0.44605758786201477 1013
1782820190310 0.48891016840934753 1014
1782820190311 0.3674284517765045 1015
1782820190313 0.27763116359710693 1016
1782820190314 0.5425432324409485 1017
1782820190316 0.32482990622520447 1018
1782820190317 0.7464157938957214 1019
1782820190319 0.515982449054718 1020
1782820190320 0.30794548988342285 1021
1782820190322 0.8788434267044067 1022
1782820190323 0.2573574185371399 1023
1782820190324 0.5437472462654114 1024
1782820190326 0.6024999022483826 1025
1782820190327 0.2842637300491333 1026
1782820190329 0.313263863325119 1027
1782820190330 0.4199810326099396 1028
1782820190331 0.3221953511238098 1029
1782820190333 0.37975648045539856 1030
1782820190334 0.3760189712047577 1031
1782820190336 0.5555177927017212 1032
1782820190337 0.5939945578575134 1033
1782820190338 0.3421059250831604 1034
1782820190340 0.5162613391876221 1035
1782820190341 0.5697774887084961 1036
1782820190343 0.3667677044868469 1037
1782820190344 0.3413770794868469 1038
1782820190345 0.48802077770233154 1039
1782820190347 0.36505451798439026 1040
1782820190348 0.2457156479358673 1041
1782820190350 0.4827626347541809 1042
1782820190351 0.6063925623893738 1043
1782820190352 0.389098197221756 1044
1782820190354 0.9552722573280334 1045
1782820190355 0.5546175837516785 1046
1782820190357 0.6757133603096008 1047
1782820190358 0.3617604672908783 1048
1782820190359 0.6573019623756409 1049
1782820190361 0.5127357840538025 1050
1782820190362 0.3700738251209259 1051
1782820190364 0.36380237340927124 1052
1782820190365 0.4693547189235687 1053
1782820190366 0.5684780478477478 1054
1782820190368 0.3167237639427185 1055
1782820190369 0.35344287753105164 1056
1782820190371 0.4997623562812805 1057
1782820190372 0.7864235043525696 1058
1782820190373 0.4452008008956909 1059
1782820190375 0.36274221539497375 1060
1782820190376 0.4693327844142914 1061
1782820190378 0.4805448651313782 1062
1782820190379 0.3604590594768524 1063
1782820190380 0.44519779086112976 1064
1782820190382 0.2598941922187805 1065
1782820190383 0.9424453377723694 1066
1782820190385 0.37822425365448 1067
1782820190386 0.45123860239982605 1068
1782820190388 0.28852590918540955 1069
1782820190389 0.38364189863204956 1070
1782820190390 0.5505589246749878 1071
1782820190392 0.3571103513240814 1072
1782820190393 0.2735241949558258 1073
1782820190394 0.4119483232498169 1074
1782820190396 0.41683828830718994 1075
1782820190397 0.5676758289337158 1076
1782820190399 0.38124579191207886 1077
1782820190400 0.7411397695541382 1078
1782820190401 0.3480894863605499 1079
1782820190403 0.5600461363792419 1080
1782820190404 0.4381095767021179 1081
1782820190406 0.5131034851074219 1082
1782820190407 0.30733540654182434 1083
1782820190409 0.5810407400131226 1084
1782820190410 0.41601109504699707 1085
1782820190411 0.2843794822692871 1086
1782820190413 0.4838721454143524 1087
1782820190414 0.3269170820713043 1088
1782820190416 0.4856303036212921 1089
1782820190417 0.5274799466133118 1090
1782820190419 0.5769792795181274 1091
1782820190420 0.5507416129112244 1092
1782820190422 0.2856796681880951 1093
1782820190423 0.46819156408309937 1094
1782820190424 0.5462611317634583 1095
1782820190426 0.24320022761821747 1096
1782820190427 0.5144606232643127 1097
1782820190430 0.44918808341026306 1098
1782820190431 0.3210197389125824 1099
1782820190433 0.6033728122711182 1100
1782820190434 0.4918961226940155 1101
1782820190436 0.49766549468040466 1102
1782820190438 0.39235585927963257 1103
1782820190439 0.5019174218177795 1104
1782820190441 0.5201202630996704 1105
1782820190442 0.3756096065044403 1106
1782820190444 0.581184446811676 1107
1782820190446 0.5742652416229248 1108
1782820190449 0.30315136909484863 1109
1782820190450 0.3773881494998932 1110
1782820190452 0.2138964980840683 1111
1782820190454 0.5073097348213196 1112
1782820190455 0.6022055745124817 1113
1782820190457 0.5802934169769287 1114
1782820190458 0.3981068730354309 1115
1782820190460 0.39392855763435364 1116
1782820190462 0.4364349842071533 1117
1782820190464 0.7234787940979004 1118
1782820190465 0.246673122048378 1119
1782820190467 0.4999038279056549 1120
1782820190468 0.3232032358646393 1121
1782820190470 0.44212743639945984 1122
1782820190471 0.41344356536865234 1123
1782820190473 0.37800946831703186 1124
1782820190474 0.173198401927948 1125
1782820190476 0.37623369693756104 1126
1782820190477 0.2908981144428253 1127
1782820190479 0.28823184967041016 1128
1782820190480 0.699141800403595 1129
1782820190481 0.45692330598831177 1130
1782820190482 0.1961880326271057 1131
1782820190484 0.3972943425178528 1132
1782820190485 0.3605499267578125 1133
1782820190487 0.3759737014770508 1134
1782820190488 0.2851497530937195 1135
1782820190490 0.3812088370323181 1136
1782820190491 0.5412663221359253 1137
1782820190492 0.6308534145355225 1138
1782820190494 0.37792301177978516 1139
1782820190495 0.45597803592681885 1140
1782820190497 0.3492182493209839 1141
1782820190498 0.5012408494949341 1142
1782820190499 0.2760067582130432 1143
1782820190501 0.6790839433670044 1144
1782820190503 0.4613897204399109 1145
1782820190504 0.3643304705619812 1146
1782820190505 0.2873102128505707 1147
1782820190507 0.2733290493488312 1148
1782820190508 0.44662365317344666 1149
1782820190509 0.36076241731643677 1150
1782820190511 0.5801392793655396 1151
1782820190512 0.4277816116809845 1152
1782820190513 0.2694036364555359 1153
1782820190515 0.3734557628631592 1154
1782820190517 0.2591318190097809 1155
1782820190518 0.32874107360839844 1156
1782820190520 0.2300538420677185 1157
1782820190521 0.3812595009803772 1158
1782820190523 0.6648061871528625 1159
1782820190524 0.6931991577148438 1160
1782820190525 0.5405014157295227 1161
1782820190527 0.3681277334690094 1162
1782820190528 0.4446273446083069 1163
1782820190530 0.4954194128513336 1164
1782820190531 0.41941964626312256 1165
1782820190532 0.28752443194389343 1166
1782820190534 0.6169127225875854 1167
1782820190535 0.8669066429138184 1168
1782820190536 0.3095477521419525 1169
1782820190538 0.49996984004974365 1170
1782820190539 0.44392070174217224 1171
1782820190541 0.25994306802749634 1172
1782820190542 0.2577504813671112 1173
1782820190544 0.29687416553497314 1174
1782820190545 0.5886006355285645 1175
1782820190546 0.5863051414489746 1176
1782820190548 0.6002971529960632 1177
1782820190549 0.29653698205947876 1178
1782820190551 0.3131353259086609 1179
1782820190553 0.21897080540657043 1180
1782820190555 0.48204272985458374 1181
1782820190556 0.20262514054775238 1182
1782820190558 0.5879854559898376 1183
1782820190559 0.2429153025150299 1184
1782820190561 0.4115941524505615 1185
1782820190562 0.40702924132347107 1186
1782820190564 0.4317319989204407 1187
1782820190565 0.3033451735973358 1188
1782820190567 0.22639010846614838 1189
1782820190568 0.46990928053855896 1190
1782820190569 0.3286302983760834 1191
1782820190571 0.36705368757247925 1192
1782820190572 0.514888346195221 1193
1782820190573 0.39338505268096924 1194
1782820190575 0.45597803592681885 1195
1782820190576 0.26328402757644653 1196
1782820190577 0.3577503561973572 1197
1782820190579 0.21220800280570984 1198
1782820190580 0.404485821723938 1199
1782820190581 0.5046894550323486 1200
1782820190582 0.2828921675682068 1201
1782820190584 0.31678226590156555 1202
1782820190585 0.7130701541900635 1203
1782820190586 0.3148159682750702 1204
1782820190588 0.41727960109710693 1205
1782820190589 0.44048720598220825 1206
1782820190590 0.39607927203178406 1207
1782820190592 0.46241965889930725 1208
1782820190593 0.30341795086860657 1209
1782820190594 0.5040326118469238 1210
1782820190596 0.5360068678855896 1211
1782820190597 0.5442764759063721 1212
1782820190599 0.4084705710411072 1213
1782820190600 0.4508512616157532 1214
1782820190601 0.36792153120040894 1215
1782820190602 0.533312201499939 1216
1782820190604 0.25283414125442505 1217
1782820190605 0.20039883255958557 1218
1782820190606 0.2663291394710541 1219
1782820190608 0.3749473989009857 1220
1782820190609 0.5606055855751038 1221
1782820190610 0.3813898265361786 1222
1782820190612 0.5327407717704773 1223
1782820190613 0.3447134792804718 1224
1782820190614 0.2120497226715088 1225
1782820190616 0.3152797818183899 1226
1782820190617 0.3553839921951294 1227
1782820190618 0.168603777885437 1228
1782820190619 0.23191243410110474 1229
1782820190621 0.26378992199897766 1230
1782820190622 0.2257680892944336 1231
1782820190624 0.34270575642585754 1232
1782820190625 0.6666837930679321 1233
1782820190626 0.22649644315242767 1234
1782820190628 0.34936967492103577 1235
1782820190629 0.44685178995132446 1236
1782820190630 0.5333239436149597 1237
1782820190632 0.49948862195014954 1238
1782820190633 0.5245069861412048 1239
1782820190634 0.2879432141780853 1240
1782820190636 0.43091610074043274 1241
1782820190637 0.5453843474388123 1242
1782820190638 0.16488060355186462 1243
1782820190639 0.35635891556739807 1244
1782820190641 0.24244976043701172 1245
1782820190643 0.4736713767051697 1246
1782820190645 0.3467952311038971 1247
1782820190647 0.47792696952819824 1248
1782820190649 0.3366854190826416 1249
1782820190651 0.5021328926086426 1250
1782820190653 0.3631705641746521 1251
1782820190655 0.42774221301078796 1252
1782820190657 0.5629539489746094 1253
1782820190659 0.3829902410507202 1254
1782820190661 0.3817586898803711 1255
1782820190663 0.33677905797958374 1256
1782820190665 0.19280460476875305 1257
1782820190668 0.32165589928627014 1258
1782820190671 0.45876118540763855 1259
1782820190673 0.21395470201969147 1260
1782820190675 0.4094119369983673 1261
1782820190677 0.3743823766708374 1262
1782820190679 0.2850039601325989 1263
1782820190681 0.2923307716846466 1264
1782820190683 0.2928329110145569 1265
1782820190685 0.49519237875938416 1266
1782820190687 0.24353280663490295 1267
1782820190689 0.36248600482940674 1268
1782820190691 0.4233754575252533 1269
1782820190693 0.419420063495636 1270
1782820190695 0.5873030424118042 1271
1782820190697 0.6162933707237244 1272
1782820190699 0.5407076478004456 1273
1782820190700 0.5393832325935364 1274
1782820190702 0.26280298829078674 1275
1782820190703 0.39395448565483093 1276
1782820190705 0.25747600197792053 1277
1782820190707 0.28360307216644287 1278
1782820190709 0.22641077637672424 1279
1782820190710 0.30654028058052063 1280
1782820190712 0.2777003347873688 1281
1782820190714 0.6227426528930664 1282
1782820190716 0.3052838146686554 1283
1782820190717 0.3934198021888733 1284
1782820190719 0.4300488531589508 1285
1782820190720 0.29196518659591675 1286
1782820190722 0.2046685814857483 1287
1782820190723 0.32249927520751953 1288
1782820190725 0.2557743787765503 1289
1782820190726 0.3860490918159485 1290
1782820190728 0.5981756448745728 1291
1782820190729 0.2884344160556793 1292
1782820190731 0.3185754716396332 1293
1782820190732 0.17368184030056 1294
1782820190733 0.5471438765525818 1295
1782820190735 0.31023356318473816 1296
1782820190736 0.6333947777748108 1297
1782820190738 0.25676682591438293 1298
1782820190739 0.8582553863525391 1299
1782820190740 0.5436046123504639 1300
1782820190742 0.45610660314559937 1301
1782820190743 0.35001340508461 1302
1782820190745 0.2726612687110901 1303
1782820190746 0.22933229804039001 1304
1782820190747 0.49395740032196045 1305
1782820190749 0.6030162572860718 1306
1782820190750 0.2651883065700531 1307
1782820190751 0.491271436214447 1308
1782820190753 0.39427846670150757 1309
1782820190754 0.23295319080352783 1310
1782820190756 0.16391630470752716 1311
1782820190757 0.8236739039421082 1312
1782820190759 0.4571339786052704 1313
1782820190762 0.42500197887420654 1314
1782820190764 0.24501797556877136 1315
1782820190766 0.5774745345115662 1316
1782820190768 0.32112228870391846 1317
1782820190770 0.4761441648006439 1318
1782820190772 0.4853658974170685 1319
1782820190775 0.2553718388080597 1320
1782820190777 0.3635038137435913 1321
1782820190779 0.2734328806400299 1322
1782820190781 0.20750008523464203 1323
1782820190782 0.4757634401321411 1324
1782820190784 0.39041638374328613 1325
1782820190785 0.5290603637695312 1326
1782820190787 0.49988216161727905 1327
1782820190789 0.3241150975227356 1328
1782820190791 0.38410380482673645 1329
1782820190793 0.28751662373542786 1330
1782820190795 0.2395501732826233 1331
1782820190797 0.4127819240093231 1332
1782820190799 0.262638658285141 1333
1782820190800 0.3220115005970001 1334
1782820190802 0.5533560514450073 1335
1782820190803 0.2540549337863922 1336
1782820190805 0.17424941062927246 1337
1782820190806 0.24432171881198883 1338
1782820190808 0.5486737489700317 1339
1782820190809 0.8088535666465759 1340
1782820190811 0.7155015468597412 1341
1782820190812 0.48136258125305176 1342
1782820190814 0.40397030115127563 1343
1782820190815 0.6295140385627747 1344
1782820190816 0.541749894618988 1345
1782820190818 0.3331716060638428 1346
1782820190819 0.32356923818588257 1347
1782820190821 0.5980391502380371 1348
1782820190822 0.2064623385667801 1349
1782820190824 0.1305389553308487 1350
1782820190825 0.47079625725746155 1351
1782820190827 0.2965553402900696 1352
1782820190828 0.5092473030090332 1353
1782820190829 0.5882853269577026 1354
1782820190831 0.6482394933700562 1355
1782820190832 0.32100909948349 1356
1782820190833 0.7629268169403076 1357
1782820190835 0.37321943044662476 1358
1782820190836 0.21665270626544952 1359
1782820190838 0.4734555184841156 1360
1782820190839 0.28193050622940063 1361
1782820190840 0.13808448612689972 1362
1782820190842 0.7554027438163757 1363
1782820190843 0.22014029324054718 1364
1782820190844 0.2254517823457718 1365
1782820190846 0.411257803440094 1366
1782820190847 0.2864336371421814 1367
1782820190849 0.20006291568279266 1368
1782820190851 0.21026383340358734 1369
1782820190853 0.1195879653096199 1370
1782820190855 0.7250890731811523 1371
1782820190856 0.253492146730423 1372
1782820190858 0.44881337881088257 1373
1782820190860 0.31828194856643677 1374
1782820190862 0.160051167011261 1375
1782820190864 0.5665951371192932 1376
1782820190867 0.24801236391067505 1377
1782820190868 0.2845904231071472 1378
1782820190870 0.3964327275753021 1379
1782820190872 0.5721109509468079 1380
1782820190874 0.3483276665210724 1381
1782820190875 0.45097288489341736 1382
1782820190877 0.6102108955383301 1383
1782820190879 0.7206846475601196 1384
1782820190881 0.37749990820884705 1385
1782820190884 0.7668593525886536 1386
1782820190885 0.880440354347229 1387
1782820190887 0.348273366689682 1388
1782820190889 0.16915027797222137 1389
1782820190891 0.38519319891929626 1390
1782820190893 0.45927929878234863 1391
1782820190894 0.366069495677948 1392
1782820190896 0.5015860199928284 1393
1782820190898 0.5262911319732666 1394
1782820190899 0.4914189875125885 1395
1782820190901 0.41390153765678406 1396
1782820190903 0.4478665292263031 1397
1782820190905 0.24803340435028076 1398
1782820190907 0.5697895884513855 1399
1782820190908 0.3263626992702484 1400
1782820190910 0.3638748824596405 1401
1782820190912 0.44867607951164246 1402
1782820190914 0.5520226955413818 1403
1782820190915 0.5056180357933044 1404
1782820190917 0.4163345992565155 1405
1782820190918 0.3028019070625305 1406
1782820190920 0.3826799988746643 1407
1782820190921 0.37302297353744507 1408
1782820190923 0.29268234968185425 1409
1782820190924 0.4560491442680359 1410
1782820190925 0.4098174273967743 1411
1782820190926 0.4839119017124176 1412
1782820190928 0.30929428339004517 1413
1782820190929 0.27426213026046753 1414
1782820190931 0.3358883261680603 1415
1782820190932 0.43288248777389526 1416
1782820190933 0.5676990151405334 1417
1782820190935 0.4922385513782501 1418
1782820190936 0.33281025290489197 1419
1782820190937 0.3744980990886688 1420
1782820190939 0.5850481390953064 1421
1782820190940 0.563645601272583 1422
1782820190942 0.3173622190952301 1423
1782820190943 0.23640736937522888 1424
1782820190945 0.6148464679718018 1425
1782820190946 0.7016909122467041 1426
1782820190947 0.5848388075828552 1427
1782820190949 0.2963770627975464 1428
1782820190950 0.33994731307029724 1429
1782820190952 0.41553258895874023 1430
1782820190953 0.25267332792282104 1431
1782820190954 0.37174829840660095 1432
1782820190956 0.5184130668640137 1433
1782820190957 0.22463670372962952 1434
1782820190959 0.49594756960868835 1435
1782820190960 0.7414642572402954 1436
1782820190961 0.5956658124923706 1437
1782820190963 0.3534137010574341 1438
1782820190964 0.19012120366096497 1439
1782820190965 0.2865746319293976 1440
1782820190967 0.20834890007972717 1441
1782820190969 0.39228036999702454 1442
1782820190972 0.14244268834590912 1443
1782820190974 0.390575110912323 1444
1782820190976 0.25359293818473816 1445
1782820190977 0.46628546714782715 1446
1782820190979 0.736171305179596 1447
1782820190981 0.22482554614543915 1448
1782820190984 0.4436112940311432 1449
1782820190985 0.5065968632698059 1450
1782820190987 0.39288827776908875 1451
1782820190989 0.4721652567386627 1452
1782820190991 0.13547219336032867 1453
1782820190992 0.8849782347679138 1454
1782820190994 0.6513959765434265 1455
1782820190996 0.25247815251350403 1456
1782820190997 0.32100212574005127 1457
1782820190999 0.9172548651695251 1458
1782820191001 0.6319106221199036 1459
1782820191003 0.5245598554611206 1460
1782820191004 0.592634916305542 1461
1782820191006 0.3095938563346863 1462
1782820191007 0.35162612795829773 1463
1782820191009 0.3735782504081726 1464
1782820191010 0.29723358154296875 1465
1782820191011 0.6299604773521423 1466
1782820191013 0.17676426470279694 1467
1782820191014 0.17355205118656158 1468
1782820191016 0.37068837881088257 1469
1782820191017 0.3378044366836548 1470
1782820191019 0.8930691480636597 1471
1782820191020 0.2779633700847626 1472
1782820191022 0.383379191160202 1473
1782820191023 0.4041534662246704 1474
1782820191025 0.37943100929260254 1475
1782820191026 0.208392933011055 1476
1782820191027 0.3663504719734192 1477
1782820191029 0.1538844108581543 1478
1782820191030 0.39262545108795166 1479
1782820191031 0.4085193872451782 1480
1782820191033 0.2017933577299118 1481
1782820191034 0.17680297791957855 1482
1782820191036 0.39611661434173584 1483
1782820191037 0.47371649742126465 1484
1782820191039 0.3741588294506073 1485
1782820191040 0.3447827100753784 1486
1782820191042 0.6137778759002686 1487
1782820191043 0.5238437056541443 1488
1782820191044 0.2317509651184082 1489
1782820191046 0.3877204656600952 1490
1782820191047 0.3255557715892792 1491
1782820191049 0.1857251524925232 1492
1782820191050 0.13729532063007355 1493
1782820191052 0.28610002994537354 1494
1782820191053 0.22457703948020935 1495
1782820191055 0.4093053340911865 1496
1782820191056 0.4375357925891876 1497
1782820191057 0.32166925072669983 1498
1782820191058 0.3817310333251953 1499
1782820191060 0.3211062550544739 1500
1782820191061 0.35934314131736755 1501
1782820191062 0.4154703915119171 1502
1782820191064 0.389773964881897 1503
1782820191065 0.43741685152053833 1504
1782820191066 0.4556041955947876 1505
1782820191068 0.2257279008626938 1506
1782820191069 0.5052691102027893 1507
1782820191070 0.7272692918777466 1508
1782820191072 0.18054337799549103 1509
1782820191073 0.37604010105133057 1510
1782820191074 0.3377712666988373 1511
1782820191076 0.3687979578971863 1512
1782820191077 0.7900095582008362 1513
1782820191078 0.3876633644104004 1514
1782820191080 0.344413161277771 1515
1782820191081 0.2367546707391739 1516
1782820191083 0.605725109577179 1517
1782820191084 0.3666938543319702 1518
1782820191085 0.29963281750679016 1519
1782820191087 0.32389840483665466 1520
1782820191088 0.27388301491737366 1521
1782820191089 0.6964202523231506 1522
1782820191091 0.2347216010093689 1523
1782820191092 0.25844284892082214 1524
1782820191094 0.15534546971321106 1525
1782820191096 0.4517552852630615 1526
1782820191098 0.2706676721572876 1527
1782820191100 0.3822828531265259 1528
1782820191102 0.1578865796327591 1529
1782820191104 0.24375122785568237 1530
1782820191106 0.6759560108184814 1531
1782820191109 0.278609961271286 1532
1782820191111 0.64559006690979 1533
1782820191113 0.20254479348659515 1534
1782820191114 0.2753084897994995 1535
1782820191116 0.14732185006141663 1536
1782820191118 0.5807996392250061 1537
1782820191119 0.2828301787376404 1538
1782820191121 0.44117414951324463 1539
1782820191123 0.5123506784439087 1540
1782820191124 0.4084732234477997 1541
1782820191126 0.4291313588619232 1542
1782820191127 0.2569564878940582 1543
1782820191129 0.4334184229373932 1544
1782820191130 0.23414477705955505 1545
1782820191132 0.12093521654605865 1546
1782820191133 0.2101287692785263 1547
1782820191135 0.3879880905151367 1548
1782820191136 0.5960481762886047 1549
1782820191137 0.29994943737983704 1550
1782820191139 0.2917381227016449 1551
1782820191141 0.1658666580915451 1552
1782820191142 0.31177496910095215 1553
1782820191144 0.2462882399559021 1554
1782820191145 0.7270078659057617 1555
1782820191146 0.13202215731143951 1556
1782820191148 0.42357248067855835 1557
1782820191149 0.3713957369327545 1558
1782820191150 0.15158867835998535 1559
1782820191152 0.14595358073711395 1560
1782820191153 0.36180877685546875 1561
1782820191154 0.3655182123184204 1562
1782820191156 0.864118218421936 1563
1782820191157 0.598820149898529 1564
1782820191159 0.35155490040779114 1565
1782820191160 0.22716134786605835 1566
1782820191161 0.8152563571929932 1567
1782820191163 0.37097087502479553 1568
1782820191164 0.3515159487724304 1569
1782820191165 0.5894355773925781 1570
1782820191167 0.23920001089572906 1571
1782820191168 0.3634505271911621 1572
1782820191169 0.4252743124961853 1573
1782820191171 0.3894157111644745 1574
1782820191172 0.4877850115299225 1575
1782820191174 0.37299907207489014 1576
1782820191175 0.37315449118614197 1577
1782820191176 0.35799190402030945 1578
1782820191178 0.6031622886657715 1579
1782820191179 0.42089423537254333 1580
1782820191181 0.3544482886791229 1581
1782820191182 0.39075136184692383 1582
1782820191184 0.22398051619529724 1583
1782820191185 0.29496029019355774 1584
1782820191187 0.25391772389411926 1585
1782820191188 0.29859459400177 1586
1782820191189 0.3014214038848877 1587
1782820191190 0.4746537208557129 1588
1782820191192 0.21493135392665863 1589
1782820191193 0.44706737995147705 1590
1782820191195 0.37139952182769775 1591
1782820191196 0.1387450098991394 1592
1782820191197 0.23581179976463318 1593
1782820191199 0.5708231329917908 1594
1782820191200 0.5419213771820068 1595
1782820191202 0.3540246784687042 1596
1782820191203 0.3269709646701813 1597
1782820191204 0.49485015869140625 1598
1782820191206 0.4394596815109253 1599
1782820191207 0.23289944231510162 1600
1782820191209 0.21805107593536377 1601
1782820191210 0.8314740061759949 1602
1782820191211 0.4535773992538452 1603
1782820191213 0.4664600193500519 1604
1782820191214 0.1387975811958313 1605
1782820191215 0.4772682189941406 1606
1782820191217 0.6915177702903748 1607
1782820191218 0.3073338568210602 1608
1782820191220 0.45905762910842896 1609
1782820191224 0.3317302465438843 1610
1782820191227 0.2908308506011963 1611
1782820191230 0.4583176374435425 1612
1782820191232 1.0270988941192627 1613
1782820191233 0.43071675300598145 1614
1782820191236 0.4203503131866455 1615
1782820191237 0.21233312785625458 1616
1782820191239 0.5737199187278748 1617
1782820191241 0.24029582738876343 1618
1782820191243 0.42759156227111816 1619
1782820191244 0.3683389127254486 1620
1782820191246 0.3331640064716339 1621
1782820191248 0.39457404613494873 1622
1782820191250 0.6079142093658447 1623
1782820191251 0.4376886188983917 1624
1782820191253 0.11848335713148117 1625
1782820191255 0.3022768199443817 1626
1782820191256 0.6085091829299927 1627
1782820191258 0.24349918961524963 1628
1782820191260 0.35815632343292236 1629
1782820191261 0.1431923508644104 1630
1782820191263 0.2626930773258209 1631
1782820191264 0.23636551201343536 1632
1782820191266 0.31800293922424316 1633
1782820191267 0.2824324667453766 1634
1782820191269 0.38929083943367004 1635
1782820191270 0.6408767104148865 1636
1782820191271 0.34984657168388367 1637
1782820191272 0.1497110277414322 1638
1782820191274 0.33280637860298157 1639
1782820191275 0.24388015270233154 1640
1782820191276 0.25032615661621094 1641
1782820191278 0.5231813192367554 1642
1782820191279 0.16939455270767212 1643
1782820191280 0.3409724533557892 1644
1782820191282 0.24726267158985138 1645
1782820191283 0.2589287757873535 1646
1782820191284 0.4421749711036682 1647
1782820191286 0.3735412359237671 1648
1782820191287 0.3256642520427704 1649
1782820191288 0.467504620552063 1650
1782820191290 0.4382812976837158 1651
1782820191291 0.29971927404403687 1652
1782820191292 0.3058190941810608 1653
1782820191293 0.3693080544471741 1654
1782820191295 0.3942984640598297 1655
1782820191296 0.37965157628059387 1656
1782820191298 0.12700572609901428 1657
1782820191299 0.5965463519096375 1658
1782820191300 0.6097784042358398 1659
1782820191302 0.4174591302871704 1660
1782820191303 0.1529597043991089 1661
1782820191304 0.29573675990104675 1662
1782820191306 0.18192701041698456 1663
1782820191307 0.38998639583587646 1664
1782820191308 0.23774860799312592 1665
1782820191310 0.3879295289516449 1666
1782820191311 0.7554773688316345 1667
1782820191312 0.4726950526237488 1668
1782820191314 0.5038437247276306 1669
1782820191315 0.7438783645629883 1670
1782820191317 0.4509492814540863 1671
1782820191318 0.1983039379119873 1672
1782820191320 0.5729958415031433 1673
1782820191321 0.18571439385414124 1674
1782820191323 0.45758089423179626 1675
1782820191325 0.42780211567878723 1676
1782820191327 0.3694918155670166 1677
1782820191329 0.5349238514900208 1678
1782820191331 0.4439883530139923 1679
1782820191333 0.14365844428539276 1680
1782820191335 0.2945214509963989 1681
1782820191337 0.27413210272789 1682
1782820191339 0.5734122395515442 1683
1782820191340 0.3475443124771118 1684
1782820191342 0.4258413314819336 1685
1782820191344 0.4395129084587097 1686
1782820191346 0.1551576405763626 1687
1782820191348 0.295413613319397 1688
1782820191349 0.30253154039382935 1689
1782820191351 0.31996503472328186 1690
1782820191353 0.43881911039352417 1691
1782820191355 0.3248990774154663 1692
1782820191357 0.6763495206832886 1693
1782820191358 0.2313651442527771 1694
1782820191360 0.30403926968574524 1695
1782820191361 0.3435437083244324 1696
1782820191363 0.2789018154144287 1697
1782820191364 0.22781631350517273 1698
1782820191366 0.3700787127017975 1699
1782820191367 0.36654701828956604 1700
1782820191369 0.2034793198108673 1701
1782820191370 0.641295850276947 1702
1782820191372 0.28720518946647644 1703
1782820191373 0.4076566696166992 1704
1782820191374 0.3048064410686493 1705
1782820191375 0.1786065250635147 1706
1782820191377 0.26433971524238586 1707
1782820191378 0.4863033592700958 1708
1782820191379 0.6459312438964844 1709
1782820191381 0.5949433445930481 1710
1782820191382 0.3619016706943512 1711
1782820191384 0.32704195380210876 1712
1782820191385 0.45073363184928894 1713
1782820191386 0.18169067800045013 1714
1782820191388 0.19949379563331604 1715
1782820191390 0.17668385803699493 1716
1782820191391 0.519128143787384 1717
1782820191393 0.24753010272979736 1718
1782820191395 0.3952062726020813 1719
1782820191396 0.3654096722602844 1720
1782820191398 0.1890038251876831 1721
1782820191400 0.31315597891807556 1722
1782820191401 0.1546342968940735 1723
1782820191403 0.27046626806259155 1724
1782820191405 0.2948193848133087 1725
1782820191406 0.23802995681762695 1726
1782820191408 0.27905938029289246 1727
1782820191410 0.2794570326805115 1728
1782820191412 0.7222970128059387 1729
1782820191413 0.3776223361492157 1730
1782820191415 0.33095142245292664 1731
1782820191417 0.5080653429031372 1732
1782820191419 0.24891208112239838 1733
1782820191420 0.436158150434494 1734
1782820191422 0.347389817237854 1735
1782820191424 0.469092458486557 1736
1782820191426 0.16560737788677216 1737
1782820191428 0.3005812168121338 1738
1782820191430 0.4744795262813568 1739
1782820191432 0.1351434886455536 1740
1782820191433 0.48874524235725403 1741
1782820191435 0.32821765542030334 1742
1782820191437 0.391653835773468 1743
1782820191438 0.2748100161552429 1744
1782820191440 0.2567090094089508 1745
1782820191442 0.3809293806552887 1746
1782820191444 0.5180893540382385 1747
1782820191445 0.3144551217556 1748
1782820191447 0.48002368211746216 1749
1782820191449 0.21519246697425842 1750
1782820191451 0.10954182595014572 1751
1782820191452 0.289921373128891 1752
1782820191454 0.2527892291545868 1753
1782820191456 0.6896612644195557 1754
1782820191458 0.37615931034088135 1755
1782820191459 0.29345548152923584 1756
1782820191462 0.3482056260108948 1757
1782820191464 0.3049372434616089 1758
1782820191466 0.5358088612556458 1759
1782820191468 0.5232297778129578 1760
1782820191469 0.220464825630188 1761
1782820191471 0.4874516725540161 1762
1782820191473 0.2177349179983139 1763
1782820191475 0.3185487687587738 1764
1782820191477 0.4391246438026428 1765
1782820191479 0.4585701823234558 1766
1782820191481 0.5600756406784058 1767
1782820191483 0.1618349701166153 1768
1782820191485 0.3220159113407135 1769
1782820191487 0.27696746587753296 1770
1782820191489 0.2482367902994156 1771
1782820191490 0.2004966139793396 1772
1782820191492 0.45300528407096863 1773
1782820191494 0.20462603867053986 1774
1782820191496 0.15736928582191467 1775
1782820191499 0.44454705715179443 1776
1782820191500 0.42413315176963806 1777
1782820191503 0.4037507176399231 1778
1782820191505 0.3014482855796814 1779
1782820191507 0.16424933075904846 1780
1782820191509 0.45132026076316833 1781
1782820191510 0.6553751826286316 1782
1782820191512 0.1878322809934616 1783
1782820191514 0.2737007141113281 1784
1782820191516 0.4514073133468628 1785
1782820191518 0.33205825090408325 1786
1782820191520 0.6160420179367065 1787
1782820191522 0.11167830973863602 1788
1782820191524 0.39531752467155457 1789
1782820191525 0.550503671169281 1790
1782820191527 0.2907794415950775 1791
1782820191529 0.38401108980178833 1792
1782820191531 0.18764755129814148 1793
1782820191532 0.38182151317596436 1794
1782820191534 0.1515142023563385 1795
1782820191536 0.3077595829963684 1796
1782820191538 0.4551011919975281 1797
1782820191539 0.291408896446228 1798
1782820191541 0.42097368836402893 1799
1782820191543 0.1479589194059372 1800
1782820191544 0.3211669921875 1801
1782820191546 0.12196055054664612 1802
1782820191548 0.31340622901916504 1803
1782820191549 0.2010163515806198 1804
1782820191551 0.16348491609096527 1805
1782820191553 0.3091844916343689 1806
1782820191555 0.1745576560497284 1807
1782820191556 0.20702522993087769 1808
1782820191558 0.2605082094669342 1809
1782820191560 0.330626904964447 1810
1782820191562 0.2038658708333969 1811
1782820191563 0.3149091303348541 1812
1782820191565 0.16909587383270264 1813
1782820191567 0.46936649084091187 1814
1782820191569 0.35096874833106995 1815
1782820191570 0.3006778061389923 1816
1782820191572 0.28978022933006287 1817
1782820191573 0.15725713968276978 1818
1782820191574 0.11142081022262573 1819
1782820191576 0.3043608069419861 1820
1782820191577 0.24314899742603302 1821
1782820191578 0.1978887915611267 1822
1782820191579 0.36474260687828064 1823
1782820191581 0.17089927196502686 1824
1782820191582 0.1437007188796997 1825
1782820191584 0.31105944514274597 1826
1782820191585 0.37038812041282654 1827
1782820191587 0.275881826877594 1828
1782820191588 0.21182788908481598 1829
1782820191589 0.4632773697376251 1830
1782820191592 0.4754721522331238 1831
1782820191595 0.4106714427471161 1832
1782820191597 0.2675788402557373 1833
1782820191599 0.6846932768821716 1834
1782820191601 0.24451562762260437 1835
1782820191603 0.3481004238128662 1836
1782820191605 0.5372107625007629 1837
1782820191607 0.27581289410591125 1838
1782820191609 0.26235759258270264 1839
1782820191611 0.45424628257751465 1840
1782820191613 0.2629430294036865 1841
1782820191614 0.40970051288604736 1842
1782820191616 0.30848807096481323 1843
1782820191617 0.32334616780281067 1844
1782820191619 0.3577343225479126 1845
1782820191621 0.6753252744674683 1846
1782820191624 0.3316987156867981 1847
1782820191626 0.4894017279148102 1848
1782820191628 0.3109368085861206 1849
1782820191629 0.13372263312339783 1850
1782820191631 0.30803918838500977 1851
1782820191632 0.572730541229248 1852
1782820191633 0.6276089549064636 1853
1782820191635 0.6005184054374695 1854
1782820191636 0.4140380024909973 1855
1782820191638 0.44851917028427124 1856
1782820191639 0.3702941834926605 1857
1782820191641 0.19305925071239471 1858
1782820191642 0.7512801885604858 1859
1782820191643 0.6318064332008362 1860
1782820191645 0.22509033977985382 1861
1782820191646 0.9387627243995667 1862
1782820191648 0.5650611519813538 1863
1782820191649 0.2190924733877182 1864
1782820191651 0.29122644662857056 1865
1782820191652 0.5224120616912842 1866
1782820191654 0.36020830273628235 1867
1782820191655 0.17625996470451355 1868
1782820191656 0.28326550126075745 1869
1782820191657 0.2402949035167694 1870
1782820191659 0.138626828789711 1871
1782820191660 0.39281731843948364 1872
1782820191662 0.7448474764823914 1873
1782820191663 0.1906162053346634 1874
