1783195970977 31679765831716.39 0
1783195983116 3600217088797.8145 1
1783195994427 5454802264650.946 2
1783196005929 7251271163817.268 3
1783196018043 7356431395642.934 4
1783196030042 7957850586245.96 5
1783196042329 7775282632643.964 6
1783196055021 7852889742501.103 7
1783196067265 7915202314652.169 8
1783196079816 7674787812337.829 9
1783196091935 8128580386003.692 10
1783196104154 8287799941310.636 11
1783196115758 8214343813195.248 12
1783196128203 2689561689632.35 13
1783196140244 1146422749744.7722 14
1783196152773 661777627488.5494 15
1783196164959 482662222014.757 16
1783196177266 417875037984.58734 17
1783196189875 384146864899.82214 18
1783196202111 370708531206.76105 19
