1782827256208 0.2710223154803564 0
1782827259751 0.13967206961835438 1
1782827263363 0.11051014951268877 2
1782827266949 0.0921677361099101 3
1782827270441 0.08055732635889545 4
1782827273985 0.0757090236938867 5
1782827277596 0.06823475712265051 6
1782827281093 0.06408515764634619 7
1782827284617 0.05955481656040511 8
1782827288320 0.054196365750941965 9
1782827292020 0.050823652909006437 10
1782827295684 0.053446669337412996 11
1782827299447 0.047345416209354244 12
1782827303165 0.045609855623910525 13
1782827306963 0.04703255867191856 14
1782827310708 0.042904517720570835 15
1782827314502 0.04435435691308322 16
1782827318311 0.03802810941688752 17
1782827322139 0.041773944605068426 18
1782827325875 0.03918300234295593 19
1782827329694 0.04222678836834483 20
1782827333488 0.03437882519093337 21
1782827337223 0.035979465793044965 22
1782827341012 0.03679658305946282 23
1782827344881 0.038051208099317925 24
1782827348681 0.0384907384389132 25
1782827352423 0.03354418520346199 26
1782827356236 0.035280404329942575 27
1782827360063 0.03540195105722879 28
1782827363828 0.005720309082829306 29
1782827367620 0.002194409167496602 30
1782827371372 0.001535103902548906 31
1782827375214 0.0008954319810697622 32
1782827378932 0.0008884277800069275 33
1782827382733 0.0004915339229076377 34
1782827386642 0.0004683283072077938 35
1782827390578 0.000331101868354314 36
1782827394403 0.0002735162608482021 37
1782827398245 0.0005149908307220659 38
1782827402089 0.00015839940479681964 39
1782827405988 0.00020717904967248676 40
1782827409806 0.00023822256983932697 41
1782827413586 4.449797412004972e-05 42
1782827417452 3.296394521469417e-05 43
1782827421287 2.5071115202176948e-05 44
1782827424948 1.950780639189506e-05 45
1782827428622 1.5431502713975935e-05 46
1782827432270 1.3228066977365704e-05 47
1782827435918 1.0573353979689275e-05 48
1782827439587 8.985389317174056e-06 49
1782827443402 7.1747992042557815e-06 50
1782827447091 6.318009855920136e-06 51
1782827450858 5.70984112705764e-06 52
1782827454555 4.224663691517556e-06 53
1782827458282 4.070671434952387e-06 54
1782827462062 3.984839480522896e-06 55
1782827465710 3.904112570925991e-06 56
1782827469463 3.790229252257559e-06 57
1782827473078 3.740435818522242e-06 58
1782827476718 3.6562706414307583e-06 59
1782827480397 3.592960633412449e-06 60
1782827484075 3.530051814071084e-06 61
1782827487784 3.4607083746159787e-06 62
1782827491449 3.4050531757327524e-06 63
1782827495095 3.2852511769346467e-06 64
1782827498772 3.2793677397140084e-06 65
1782827502443 3.2728030715513757e-06 66
1782827506088 3.2664366751231805e-06 67
1782827509837 3.2617573444761546e-06 68
1782827513553 3.2551495640579495e-06 69
1782827517175 3.2494898335390656e-06 70
1782827520848 3.2441810836099564e-06 71
1782827524572 3.2380346744120883e-06 72
1782827528233 3.2315626759122137e-06 73
1782827531860 3.2262707849126456e-06 74
1782827535935 3.214386088098948e-06 75
1782827539590 3.2139012403930255e-06 76
1782827543289 3.2134756892737073e-06 77
1782827547001 3.2130702181997485e-06 78
1782827550701 3.212606972320169e-06 79
1782827554394 3.212210436683726e-06 80
1782827558092 3.2117103271093536e-06 81
1782827561806 3.2113628246035327e-06 82
1782827565450 3.2108432070871135e-06 83
1782827569167 3.210370372301983e-06 84
1782827572808 3.209979260547328e-06 85
1782827576539 3.209559299497572e-06 86
1782827580254 3.2091070048698684e-06 87
1782827583990 3.2086746167882647e-06 88
1782827587634 3.2082589669417552e-06 89
1782827591317 3.2078643083170435e-06 90
1782827595059 3.2073367444038984e-06 91
1782827598823 3.206882201498068e-06 92
1782827602495 3.2065054450384395e-06 93
1782827606189 3.206152528894725e-06 94
1782827609857 3.205639166454289e-06 95
1782827613588 3.2052025556453916e-06 96
1782827617504 3.2048312434925765e-06 97
1782827621284 3.204396203298369e-06 98
1782827624948 3.2039153441291184e-06 99
