1783273910599 0.9256333333331791 0
1783273968548 0.974433333333171 1
1783274030105 0.9807499999998366 2
1783274091539 0.9828833333331696 3
1783274150320 0.9844666666665026 4
1783274211422 0.9861166666665023 5
1783274273949 0.9880333333331687 6
1783274335603 0.988466666666502 7
1783274394695 0.9894499999998352 8
1783274455412 0.9895666666665018 9
1783274516660 0.9912833333331682 10
1783274578167 0.9916999999998347 11
1783274642703 0.9918499999998347 12
1783274703393 0.991983333333168 13
1783274768892 0.9925999999998346 14
1783274828511 0.9930499999998346 15
1783274889443 0.9927499999998346 16
1783274946662 0.9936499999998344 17
1783275004557 0.9931333333331679 18
1783275064745 0.994216666666501 19
