1783099137605 0.5122898817062378 0
1783099141235 0.5764824748039246 1
1783099144854 0.8368629813194275 2
1783099148435 0.7247698903083801 3
1783099152239 0.9159885048866272 4
1783099156473 0.9172642230987549 5
1783099160439 0.929487407207489 6
1783099164482 0.9990494847297668 7
1783099168441 0.9996581673622131 8
1783099172300 0.8599836826324463 9
1783099176386 0.9982907772064209 10
1783099180371 0.9999666213989258 11
1783099184336 0.9999916553497314 12
1783099188288 0.9999916553497314 13
1783099192340 0.9999916553497314 14
1783099196442 1.0 15
1783099200433 1.0 16
1783099204340 1.0 17
1783099208537 1.0 18
1783099212902 1.0 19
1783099217125 1.0 20
1783099221343 1.0 21
1783099225560 1.0 22
1783099229932 1.0 23
1783099233687 1.0 24
1783099237353 1.0 25
1783099240894 1.0 26
1783099244426 1.0 27
1783099248061 1.0 28
1783099251694 1.0 29
1783099255231 1.0 30
1783099258723 1.0 31
1783099262268 1.0 32
1783099265915 1.0 33
1783099269843 1.0 34
1783099274330 1.0 35
1783099279007 1.0 36
1783099283438 1.0 37
1783099287568 1.0 38
1783099291515 1.0 39
1783099295573 1.0 40
1783099299502 1.0 41
1783099303355 1.0 42
1783099307109 1.0 43
1783099310799 1.0 44
1783099314321 1.0 45
1783099318185 1.0 46
1783099322026 1.0 47
1783099325868 1.0 48
1783099329762 1.0 49
1783099333626 1.0 50
1783099337455 1.0 51
1783099341259 1.0 52
1783099345081 1.0 53
1783099348955 1.0 54
1783099352973 1.0 55
1783099356854 1.0 56
1783099360759 1.0 57
1783099364659 1.0 58
1783099368559 1.0 59
1783099372653 1.0 60
1783099376525 1.0 61
1783099380327 1.0 62
1783099384102 1.0 63
1783099387892 1.0 64
1783099391665 1.0 65
1783099395404 1.0 66
1783099399308 1.0 67
1783099403155 1.0 68
1783099406842 1.0 69
1783099410754 1.0 70
1783099414592 1.0 71
1783099418415 1.0 72
1783099422296 1.0 73
1783099425966 1.0 74
1783099429706 1.0 75
1783099433535 1.0 76
1783099437325 1.0 77
1783099441017 1.0 78
1783099444845 1.0 79
1783099448935 1.0 80
1783099453366 1.0 81
1783099457921 1.0 82
1783099462532 1.0 83
1783099466444 1.0 84
1783099470296 1.0 85
1783099474137 1.0 86
1783099477935 1.0 87
1783099481774 1.0 88
1783099485688 1.0 89
1783099489538 1.0 90
1783099493333 1.0 91
1783099497081 1.0 92
1783099500902 1.0 93
1783099504760 1.0 94
1783099508591 1.0 95
1783099512469 1.0 96
1783099516402 1.0 97
1783099520175 1.0 98
1783099524062 1.0 99
