1783270884391 0.33996694866759064 0
1783270928160 0.11620971693893384 1
1783270973262 0.09357626092011494 2
1783271018849 0.08162061920718532 3
1783271065931 0.07299157472993124 4
1783271112296 0.06534866692106467 5
1783271159370 0.06195782309933118 6
1783271208517 0.05837995917250621 7
1783271252507 0.05499205880069027 8
1783271296221 0.052969696411052716 9
1783271339578 0.04748136749873226 10
1783271383493 0.04600183317829613 11
1783271430325 0.04595551575375271 12
1783271478003 0.04365235217210528 13
1783271519505 0.042927795585539816 14
1783271562828 0.04120752816617553 15
1783271606150 0.037629063828476875 16
1783271649439 0.03953013028140673 17
1783271693234 0.03668699474941853 18
1783271736217 0.03567853818756398 19
