1783058019887 0.18953898302380282 0
1783058022318 0.12894144406843894 1
1783058024705 0.1126758423457848 2
1783058027111 0.10319212306351692 3
1783058029603 0.09798378940157607 4
1783058032023 0.0935962442119766 5
1783058034451 0.09063986212459121 6
1783058037091 0.08803688399121434 7
1783058039600 0.08617207554962635 8
1783058042138 0.08487345931788014 9
1783058044615 0.08332327039964557 10
1783058047149 0.08228410912337368 11
1783058049698 0.08094971040087925 12
1783058052295 0.0795267241717185 13
1783058054843 0.07884239143704226 14
1783058057384 0.07789698705041746 15
1783058060035 0.07712369905096113 16
1783058062589 0.07645667232928768 17
1783058065155 0.07576070463436578 18
1783058067717 0.07531893389217141 19
1783058070289 0.07460834917591391 20
1783058072843 0.0745204030950587 21
1783058075448 0.07391586518005214 22
1783058078006 0.07371394777454669 23
1783058080598 0.07353364397060039 24
1783058083227 0.07296110783390194 25
1783058085802 0.07305653301748058 26
1783058088381 0.07288709409226549 27
1783058090989 0.07253805447685999 28
1783058093555 0.07232640084028662 29
1783058096152 0.07242993481594624 30
1783058098757 0.07172356324000997 31
1783058101383 0.07169405382801475 32
1783058104005 0.07209096250932939 33
1783058106605 0.07168133707050159 34
1783058109235 0.07140478009844413 35
1783058111880 0.07122993023876763 36
1783058114524 0.07135566290523024 37
1783058117170 0.07113008527854123 38
1783058119787 0.07098788851468325 39
1783058122423 0.0708086801289698 40
1783058125030 0.07065400986070607 41
1783058127657 0.07053240809192313 42
1783058130377 0.07046358632355504 43
1783058132983 0.07026782238198516 44
1783058135585 0.06994527350865568 45
1783058138176 0.06991754269814732 46
1783058140788 0.06985197191548073 47
1783058143398 0.06954029152292408 48
1783058146045 0.0695205558851305 49
