1782986011829 0.30244547297544905 0
1782986019053 0.16055947086514336 1
1782986026287 0.12692031725068254 2
1782986033604 0.10508256139956872 3
1782986041034 0.093727889389235 4
1782986048347 0.08534275396276772 5
1782986055919 0.07902299316652116 6
1782986063409 0.07359275482329872 7
1782986070830 0.06739399019874157 8
1782986078220 0.06310555535683726 9
1782986085549 0.06074857363274111 10
1782986093122 0.05916667527094127 11
1782986100424 0.056214432066244345 12
1782986108042 0.05697769475987044 13
1782986115618 0.04780429146231055 14
1782986123318 0.05140152887371434 15
1782986130618 0.049341061280031136 16
1782986138196 0.044186499277235836 17
1782986145677 0.04984060889392664 18
1782986153346 0.04658120573992532 19
1782986161013 0.04936426403771341 20
1782986168565 0.048788185858608425 21
1782986176014 0.04408466421424881 22
1782986183323 0.04356948904394528 23
1782986190715 0.04040107034602264 24
1782986197984 0.04694341994150581 25
1782986205475 0.04357237041241502 26
1782986213102 0.042773890613736244 27
1782986220637 0.04422644107204705 28
1782986228328 0.039222608778135146 29
1782986235874 0.01430659688338494 30
1782986243211 0.005411424455551788 31
1782986250748 0.003551254508740863 32
1782986258370 0.0025483753653394547 33
1782986265899 0.0016908626422048295 34
1782986273460 0.001475846863577901 35
1782986280853 0.0011551278443262124 36
1782986288636 0.0007388410321788768 37
1782986296191 0.0006540612766493072 38
1782986303682 0.000699931605024666 39
1782986311141 0.0005461787593285624 40
1782986318618 0.00028653427454217574 41
1782986326127 9.038629742973699e-05 42
1782986333595 6.716629193576795e-05 43
1782986341182 5.098646333865344e-05 44
1782986348652 3.9191579514671674e-05 45
1782986356075 3.221215185929844e-05 46
1782986363659 2.5764971644782698e-05 47
1782986371171 2.0485910718511893e-05 48
1782986378967 1.6916271166503113e-05 49
1782986386664 1.3979969929568436e-05 50
1782986394368 1.1491189615114607e-05 51
1782986401867 8.757193833340628e-06 52
1782986409403 8.294484212349272e-06 53
1782986416835 7.991006254345256e-06 54
1782986424590 7.766943816335851e-06 55
1782986432481 7.542197448575452e-06 56
1782986440092 7.321306991287846e-06 57
1782986447971 7.1023226192063454e-06 58
1782986455618 6.986479701936375e-06 59
1782986463163 6.791444945024374e-06 60
1782986470716 6.611207692150868e-06 61
1782986478355 6.4850282286112495e-06 62
1782986486097 6.209166989237783e-06 63
1782986493766 6.189628161756536e-06 64
1782986501325 6.173132252890074e-06 65
1782986508727 6.1586834176979055e-06 66
1782986516459 6.143273983358139e-06 67
1782986524455 6.1320108996642896e-06 68
1782986531900 6.111086600227459e-06 69
1782986539675 6.101463863061248e-06 70
1782986548100 6.08169886705112e-06 71
1782986556689 6.06688784279716e-06 72
1782986564391 6.055998881186311e-06 73
1782986572740 6.026911697723797e-06 74
1782986581324 6.02589694255798e-06 75
1782986589326 6.024498746131675e-06 76
1782986597238 6.023475205122813e-06 77
1782986605868 6.022338497474159e-06 78
1782986614036 6.021041859233122e-06 79
1782986621895 6.019816735258001e-06 80
1782986629603 6.018799903029041e-06 81
1782986637308 6.017409718114664e-06 82
1782986645000 6.016243915041511e-06 83
1782986652658 6.015047031771453e-06 84
1782986660221 6.013993645771876e-06 85
1782986668059 6.012594750488065e-06 86
1782986675732 6.011459822809124e-06 87
1782986683414 6.0103647233145475e-06 88
1782986691029 6.009172768178006e-06 89
1782986698608 6.007911697598141e-06 90
1782986706390 6.006783919590158e-06 91
1782986714124 6.005548855677453e-06 92
1782986721838 6.004302022435888e-06 93
1782986729690 6.003254943109657e-06 94
1782986737404 6.001948912502269e-06 95
1782986745024 6.000723341902603e-06 96
1782986752848 5.999596113574508e-06 97
1782986760898 5.998633446545044e-06 98
1782986768291 5.9972065948598315e-06 99
