1782838786327 0.31028938662095285 0
1782838790073 0.18649281768326836 1
1782838793742 0.1745125915247332 2
1782838798033 0.16597305622310335 3
1782838801805 0.16709079865550294 4
1782838805535 0.17091141924965625 5
1782838809236 0.16184711283284534 6
1782838812938 0.17388925280378903 7
1782838816718 0.17709395746444587 8
1782838820513 0.172573192426387 9
1782838824312 0.17670568188558153 10
1782838828157 0.17350725976161013 11
1782838831954 0.17658788235962586 12
1782838835817 0.1729743464090639 13
1782838839616 0.184139563793452 14
1782838843382 0.18097110300414604 15
1782838847207 0.1776830481728376 16
1782838851023 0.17160054183560483 17
1782838854814 0.17783069246763517 18
1782838858605 0.1878894462767902 19
1782838862347 0.10302127841109725 20
1782838866165 0.08452052364701652 21
1782838870003 0.07874713815917793 22
1782838873885 0.07379430413287513 23
1782838877698 0.06901896456145193 24
1782838881505 0.06456023387023896 25
1782838885386 0.06190786016749108 26
1782838889248 0.05960918244731176 27
1782838893119 0.056433664844008316 28
1782838896966 0.05436698564137828 29
1782838900825 0.052390654788631925 30
1782838904682 0.04986016808075937 31
1782838908486 0.047847549141874536 32
1782838912315 0.046151989462632416 33
1782838916170 0.04423377542894336 34
1782838920028 0.04236042196190986 35
1782838923921 0.040972044781408 36
1782838927791 0.03953273295000222 37
1782838931711 0.03765479762797961 38
1782838935550 0.03695781678904005 39
