1783100269441 1.0404972296530455 0
1783100273630 1.1799822469277998 1
1783100277467 1.0486080646402982 2
1783100281367 0.7572581203078609 3
1783100285863 0.5669418295333634 4
1783100290041 0.519532291326403 5
1783100294379 0.4568718332378784 6
1783100298544 0.3436326392300195 7
1783100302917 0.25225967480238615 8
1783100307349 0.2548609665203019 9
1783100311729 0.28373939728930236 10
1783100316249 0.27633850824830614 11
1783100320195 0.2986208447079203 12
1783100324000 0.2981562485594364 13
1783100328065 0.3113475882414034 14
1783100332054 0.3049360585854453 15
1783100335943 0.2908939137912481 16
1783100339806 0.28868273216744034 17
1783100343747 0.2967347493612026 18
1783100347732 0.3303123184364012 19
